2.219227058370164
2.1243218719020733
2.014945846280187
1.915256477273633
1.841327619588064
1.7435995328068756
1.7247861239447595
1.8076488506736585
2.032873064154085
2.0073483752681933
2.017962857513674
2.196918618256755
2.2222461275300267
1.7211057812829558
1.8234931364529017
2.0411438246469165
2.123141358039398
1.566640895811634
2.006410499528993
1.6734611733330158
2.402423529540717
1.4220517293633115
1.6179223404524756
1.477372725637997
1.2175354459105967
1.179020776500175
1.0849247293020132
0.7907506242935378
0.6642197922523438
0.3271110157534983
0.17926316518235597
0.1149785901179401
0.06308368331141888
0.03660662634270201
