3125
5
0,0,0,0,0,0.00700,0
0,0,0,0,1,0.08190,0
0,0,0,0,2,0.98962,0
0,0,0,0,3,0.07312,0
0,0,0,0,4,0.89213,0
0,0,0,1,0,0.73732,0
0,0,0,1,1,0.29629,0
0,0,0,1,2,0.71858,0
0,0,0,1,3,0.16517,0
0,0,0,1,4,0.20169,0
0,0,0,2,0,0.27761,0
0,0,0,2,1,0.19912,0
0,0,0,2,2,0.04970,0
0,0,0,2,3,0.37443,0
0,0,0,2,4,0.37161,0
0,0,0,3,0,0.56656,0
0,0,0,3,1,0.43964,0
0,0,0,3,2,0.68982,0
0,0,0,3,3,0.11614,0
0,0,0,3,4,0.22683,0
0,0,0,4,0,0.59861,0
0,0,0,4,1,0.79946,0
0,0,0,4,2,0.32638,0
0,0,0,4,3,0.81565,0
0,0,0,4,4,0.24998,0
0,0,1,0,0,0.54734,0
0,0,1,0,1,0.19273,0
0,0,1,0,2,0.12224,0
0,0,1,0,3,0.85473,0
0,0,1,0,4,0.31616,0
0,0,1,1,0,0.55966,0
0,0,1,1,1,0.04456,0
0,0,1,1,2,0.58986,0
0,0,1,1,3,0.48443,0
0,0,1,1,4,0.56469,0
0,0,1,2,0,0.54843,0
0,0,1,2,1,0.91233,0
0,0,1,2,2,0.30143,0
0,0,1,2,3,0.89225,0
0,0,1,2,4,0.99870,0
0,0,1,3,0,0.62181,0
0,0,1,3,1,0.96076,0
0,0,1,3,2,0.12821,0
0,0,1,3,3,0.03235,0
0,0,1,3,4,0.01994,0
0,0,1,4,0,0.03291,0
0,0,1,4,1,0.08893,0
0,0,1,4,2,0.35126,0
0,0,1,4,3,0.10483,0
0,0,1,4,4,0.70367,0
0,0,2,0,0,0.54237,0
0,0,2,0,1,0.42679,0
0,0,2,0,2,0.73642,0
0,0,2,0,3,0.45731,0
0,0,2,0,4,0.43912,0
0,0,2,1,0,0.12878,0
0,0,2,1,1,0.36180,0
0,0,2,1,2,0.94241,0
0,0,2,1,3,0.62760,0
0,0,2,1,4,0.71834,0
0,0,2,2,0,0.19903,0
0,0,2,2,1,0.76273,0
0,0,2,2,2,0.04045,0
0,0,2,2,3,0.47675,0
0,0,2,2,4,0.74384,0
0,0,2,3,0,0.84693,0
0,0,2,3,1,0.50799,0
0,0,2,3,2,0.48217,0
0,0,2,3,3,0.08578,0
0,0,2,3,4,0.86831,0
0,0,2,4,0,0.67982,0
0,0,2,4,1,0.69123,0
0,0,2,4,2,0.79854,0
0,0,2,4,3,0.90917,0
0,0,2,4,4,0.01723,0
0,0,3,0,0,0.53440,0
0,0,3,0,1,0.10385,0
0,0,3,0,2,0.19447,0
0,0,3,0,3,0.45650,0
0,0,3,0,4,0.69211,0
0,0,3,1,0,0.59915,0
0,0,3,1,1,0.25552,0
0,0,3,1,2,0.13749,0
0,0,3,1,3,0.58272,0
0,0,3,1,4,0.08628,0
0,0,3,2,0,0.32692,0
0,0,3,2,1,0.54170,0
0,0,3,2,2,0.36395,0
0,0,3,2,3,0.94179,0
0,0,3,2,4,0.12834,0
0,0,3,3,0,0.49083,0
0,0,3,3,1,0.92631,0
0,0,3,3,2,0.02895,0
0,0,3,3,3,0.43795,0
0,0,3,3,4,0.71924,0
0,0,3,4,0,0.43996,0
0,0,3,4,1,0.36760,0
0,0,3,4,2,0.02517,0
0,0,3,4,3,0.15278,0
0,0,3,4,4,0.50550,0
0,0,4,0,0,0.64970,0
0,0,4,0,1,0.57801,0
0,0,4,0,2,0.60183,0
0,0,4,0,3,0.85520,0
0,0,4,0,4,0.21702,0
0,0,4,1,0,0.23366,0
0,0,4,1,1,0.30742,0
0,0,4,1,2,0.85226,0
0,0,4,1,3,0.30194,0
0,0,4,1,4,0.20110,0
0,0,4,2,0,0.66746,0
0,0,4,2,1,0.74447,0
0,0,4,2,2,0.17305,0
0,0,4,2,3,0.70920,3
0,0,4,2,4,0.51372,0
0,0,4,3,0,0.74208,0
0,0,4,3,1,0.32444,0
0,0,4,3,2,0.53705,0
0,0,4,3,3,0.51049,0
0,0,4,3,4,0.51093,0
0,0,4,4,0,0.00072,0
0,0,4,4,1,0.82336,0
0,0,4,4,2,0.60248,0
0,0,4,4,3,0.59816,0
0,0,4,4,4,0.15962,0
0,1,0,0,0,0.67414,0
0,1,0,0,1,0.95184,0
0,1,0,0,2,0.64103,0
0,1,0,0,3,0.43959,0
0,1,0,0,4,0.60200,0
0,1,0,1,0,0.47350,0
0,1,0,1,1,0.94863,0
0,1,0,1,2,0.82211,0
0,1,0,1,3,0.46525,0
0,1,0,1,4,0.90299,0
0,1,0,2,0,0.19167,0
0,1,0,2,1,0.45651,0
0,1,0,2,2,0.60751,2
0,1,0,2,3,0.31247,0
0,1,0,2,4,0.48753,0
0,1,0,3,0,0.54989,0
0,1,0,3,1,0.62081,0
0,1,0,3,2,0.12824,0
0,1,0,3,3,0.12532,0
0,1,0,3,4,0.31550,0
0,1,0,4,0,0.23376,0
0,1,0,4,1,0.99720,0
0,1,0,4,2,0.54053,0
0,1,0,4,3,0.71977,0
0,1,0,4,4,0.60186,0
0,1,1,0,0,0.29967,0
0,1,1,0,1,0.91887,0
0,1,1,0,2,0.17195,0
0,1,1,0,3,0.83385,0
0,1,1,0,4,0.71255,0
0,1,1,1,0,0.98589,0
0,1,1,1,1,0.35944,0
0,1,1,1,2,0.17658,0
0,1,1,1,3,0.98950,0
0,1,1,1,4,0.12199,0
0,1,1,2,0,0.14800,0
0,1,1,2,1,0.02501,0
0,1,1,2,2,0.17474,2
0,1,1,2,3,0.93162,0
0,1,1,2,4,0.83802,0
0,1,1,3,0,0.75337,0
0,1,1,3,1,0.49426,0
0,1,1,3,2,0.79085,0
0,1,1,3,3,0.09626,0
0,1,1,3,4,0.80450,0
0,1,1,4,0,0.06759,0
0,1,1,4,1,0.69968,0
0,1,1,4,2,0.56720,0
0,1,1,4,3,0.85399,0
0,1,1,4,4,0.63534,0
0,1,2,0,0,0.93349,2
0,1,2,0,1,0.50884,0
0,1,2,0,2,0.15228,0
0,1,2,0,3,0.21101,0
0,1,2,0,4,0.91778,0
0,1,2,1,0,1.55794,41
0,1,2,1,1,0.33985,0
0,1,2,1,2,0.66457,58
0,1,2,1,3,0.66828,0
0,1,2,1,4,0.27873,0
0,1,2,2,0,0.12956,0
0,1,2,2,1,0.70458,14
0,1,2,2,2,0.69942,7
0,1,2,2,3,0.66688,14
0,1,2,2,4,0.25491,0
0,1,2,3,0,0.78066,0
0,1,2,3,1,0.94459,0
0,1,2,3,2,0.27058,0
0,1,2,3,3,0.99425,0
0,1,2,3,4,0.24431,0
0,1,2,4,0,0.70526,0
0,1,2,4,1,0.23551,0
0,1,2,4,2,0.39826,0
0,1,2,4,3,0.56699,0
0,1,2,4,4,0.12912,0
0,1,3,0,0,0.90791,0
0,1,3,0,1,0.07163,0
0,1,3,0,2,0.34996,0
0,1,3,0,3,0.15939,0
0,1,3,0,4,0.95579,0
0,1,3,1,0,0.79293,18
0,1,3,1,1,1.46597,56
0,1,3,1,2,0.25601,0
0,1,3,1,3,0.23372,0
0,1,3,1,4,0.36844,0
0,1,3,2,0,1.20632,71
0,1,3,2,1,0.08338,0
0,1,3,2,2,0.23740,0
0,1,3,2,3,0.04281,0
0,1,3,2,4,0.71489,60
0,1,3,3,0,0.19316,0
0,1,3,3,1,0.15164,0
0,1,3,3,2,0.16877,0
0,1,3,3,3,0.20095,0
0,1,3,3,4,0.33672,0
0,1,3,4,0,0.89800,0
0,1,3,4,1,0.30462,0
0,1,3,4,2,0.02272,0
0,1,3,4,3,0.12486,0
0,1,3,4,4,0.80456,0
0,1,4,0,0,0.09996,0
0,1,4,0,1,0.72115,0
0,1,4,0,2,0.24184,0
0,1,4,0,3,0.39187,0
0,1,4,0,4,0.88234,0
0,1,4,1,0,0.45726,0
0,1,4,1,1,0.31610,0
0,1,4,1,2,0.29782,0
0,1,4,1,3,0.40678,0
0,1,4,1,4,0.94927,0
0,1,4,2,0,0.58077,39
0,1,4,2,1,0.54864,0
0,1,4,2,2,1.16305,46
0,1,4,2,3,0.57167,16
0,1,4,2,4,0.33410,0
0,1,4,3,0,0.22392,0
0,1,4,3,1,0.42230,0
0,1,4,3,2,0.05451,0
0,1,4,3,3,0.73256,0
0,1,4,3,4,0.06085,0
0,1,4,4,0,0.89475,0
0,1,4,4,1,0.82284,0
0,1,4,4,2,0.15306,0
0,1,4,4,3,0.69595,0
0,1,4,4,4,0.47351,0
0,2,0,0,0,0.53878,0
0,2,0,0,1,0.30861,0
0,2,0,0,2,0.05238,0
0,2,0,0,3,0.53848,0
0,2,0,0,4,0.46376,0
0,2,0,1,0,0.81775,0
0,2,0,1,1,0.79979,2
0,2,0,1,2,0.71019,0
0,2,0,1,3,0.09343,0
0,2,0,1,4,0.07600,0
0,2,0,2,0,0.19533,2
0,2,0,2,1,0.25845,0
0,2,0,2,2,0.76010,0
0,2,0,2,3,0.59177,0
0,2,0,2,4,0.94982,3
0,2,0,3,0,0.59517,0
0,2,0,3,1,0.18820,0
0,2,0,3,2,0.23026,0
0,2,0,3,3,0.00844,0
0,2,0,3,4,0.66002,0
0,2,0,4,0,0.96240,0
0,2,0,4,1,0.76631,0
0,2,0,4,2,0.97130,0
0,2,0,4,3,0.04437,0
0,2,0,4,4,0.16203,0
0,2,1,0,0,0.51205,0
0,2,1,0,1,0.01601,0
0,2,1,0,2,0.64086,0
0,2,1,0,3,0.86553,0
0,2,1,0,4,0.55515,0
0,2,1,1,0,0.20902,0
0,2,1,1,1,0.45473,0
0,2,1,1,2,0.76669,6
0,2,1,1,3,0.32055,0
0,2,1,1,4,0.10445,0
0,2,1,2,0,0.74409,19
0,2,1,2,1,0.45436,0
0,2,1,2,2,0.75162,0
0,2,1,2,3,0.72231,0
0,2,1,2,4,0.10855,0
0,2,1,3,0,0.91151,0
0,2,1,3,1,0.39550,0
0,2,1,3,2,0.65334,0
0,2,1,3,3,0.44388,0
0,2,1,3,4,0.69379,0
0,2,1,4,0,0.07350,0
0,2,1,4,1,0.01601,0
0,2,1,4,2,0.69230,0
0,2,1,4,3,0.69299,0
0,2,1,4,4,0.61873,0
0,2,2,0,0,0.67622,0
0,2,2,0,1,0.02506,0
0,2,2,0,2,0.60757,0
0,2,2,0,3,0.37133,0
0,2,2,0,4,0.48063,0
0,2,2,1,0,1.06267,31
0,2,2,1,1,0.73364,11
0,2,2,1,2,0.73591,0
0,2,2,1,3,0.25195,0
0,2,2,1,4,0.53426,1
0,2,2,2,0,0.04063,0
0,2,2,2,1,0.12625,0
0,2,2,2,2,0.61437,24
0,2,2,2,3,0.48753,0
0,2,2,2,4,0.42231,0
0,2,2,3,0,0.04926,0
0,2,2,3,1,0.69324,0
0,2,2,3,2,0.63481,0
0,2,2,3,3,0.74931,0
0,2,2,3,4,0.91286,0
0,2,2,4,0,0.36685,0
0,2,2,4,1,0.88192,0
0,2,2,4,2,0.86498,0
0,2,2,4,3,0.38212,0
0,2,2,4,4,0.03437,0
0,2,3,0,0,0.76421,0
0,2,3,0,1,0.71403,0
0,2,3,0,2,0.75312,0
0,2,3,0,3,0.81227,0
0,2,3,0,4,0.72414,0
0,2,3,1,0,0.41385,0
0,2,3,1,1,0.62865,30
0,2,3,1,2,0.61027,3
0,2,3,1,3,0.41743,0
0,2,3,1,4,0.63470,22
0,2,3,2,0,0.40090,12
0,2,3,2,1,0.27448,0
0,2,3,2,2,0.43111,23
0,2,3,2,3,0.43052,36
0,2,3,2,4,0.35130,0
0,2,3,3,0,0.22716,0
0,2,3,3,1,0.36594,0
0,2,3,3,2,0.29359,0
0,2,3,3,3,0.93497,0
0,2,3,3,4,0.94553,0
0,2,3,4,0,0.23632,0
0,2,3,4,1,0.68609,0
0,2,3,4,2,0.49133,0
0,2,3,4,3,0.00286,0
0,2,3,4,4,0.09223,0
0,2,4,0,0,0.55938,0
0,2,4,0,1,0.48043,0
0,2,4,0,2,0.95407,0
0,2,4,0,3,0.55807,0
0,2,4,0,4,0.24061,0
0,2,4,1,0,0.80241,0
0,2,4,1,1,0.54836,0
0,2,4,1,2,0.74735,0
0,2,4,1,3,0.37830,0
0,2,4,1,4,0.74402,0
0,2,4,2,0,0.37197,38
0,2,4,2,1,0.37095,25
0,2,4,2,2,0.36324,66
0,2,4,2,3,0.30457,2
0,2,4,2,4,0.23327,0
0,2,4,3,0,0.96738,0
0,2,4,3,1,0.44559,0
0,2,4,3,2,0.77934,0
0,2,4,3,3,0.64813,0
0,2,4,3,4,0.24817,0
0,2,4,4,0,0.55272,0
0,2,4,4,1,0.15436,0
0,2,4,4,2,0.87072,0
0,2,4,4,3,0.16169,0
0,2,4,4,4,0.82247,0
0,3,0,0,0,0.26374,0
0,3,0,0,1,0.08050,0
0,3,0,0,2,0.23004,0
0,3,0,0,3,0.96052,0
0,3,0,0,4,0.49160,0
0,3,0,1,0,0.73604,0
0,3,0,1,1,0.13657,0
0,3,0,1,2,0.75533,7
0,3,0,1,3,0.01047,0
0,3,0,1,4,0.77682,0
0,3,0,2,0,0.49344,0
0,3,0,2,1,0.63042,0
0,3,0,2,2,0.84855,0
0,3,0,2,3,0.56073,0
0,3,0,2,4,0.16743,0
0,3,0,3,0,0.46006,0
0,3,0,3,1,0.77817,0
0,3,0,3,2,0.81760,0
0,3,0,3,3,0.49943,0
0,3,0,3,4,0.79793,0
0,3,0,4,0,0.62464,0
0,3,0,4,1,0.33394,0
0,3,0,4,2,0.88271,0
0,3,0,4,3,0.96341,0
0,3,0,4,4,0.55323,0
0,3,1,0,0,0.17444,0
0,3,1,0,1,0.20141,0
0,3,1,0,2,0.19791,0
0,3,1,0,3,0.25603,0
0,3,1,0,4,0.99340,0
0,3,1,1,0,0.57304,0
0,3,1,1,1,0.77292,3
0,3,1,1,2,0.73086,0
0,3,1,1,3,0.39208,0
0,3,1,1,4,0.68733,0
0,3,1,2,0,0.67373,0
0,3,1,2,1,0.52146,0
0,3,1,2,2,0.33783,0
0,3,1,2,3,0.78870,0
0,3,1,2,4,0.92503,7
0,3,1,3,0,0.87081,0
0,3,1,3,1,0.37669,0
0,3,1,3,2,0.01077,0
0,3,1,3,3,0.88968,0
0,3,1,3,4,0.22915,0
0,3,1,4,0,0.74289,0
0,3,1,4,1,0.33874,0
0,3,1,4,2,0.31301,0
0,3,1,4,3,0.95325,0
0,3,1,4,4,0.49751,0
0,3,2,0,0,0.87550,4
0,3,2,0,1,0.66632,0
0,3,2,0,2,0.83572,0
0,3,2,0,3,0.51267,0
0,3,2,0,4,0.05518,0
0,3,2,1,0,0.65280,0
0,3,2,1,1,0.31085,0
0,3,2,1,2,0.45871,0
0,3,2,1,3,0.63915,3
0,3,2,1,4,0.63506,8
0,3,2,2,0,0.79780,0
0,3,2,2,1,0.78906,9
0,3,2,2,2,0.81801,11
0,3,2,2,3,0.44880,0
0,3,2,2,4,0.66264,0
0,3,2,3,0,0.64874,0
0,3,2,3,1,0.59177,0
0,3,2,3,2,0.74341,0
0,3,2,3,3,0.70714,0
0,3,2,3,4,0.46922,0
0,3,2,4,0,0.52540,0
0,3,2,4,1,0.11470,0
0,3,2,4,2,0.92562,0
0,3,2,4,3,0.92392,0
0,3,2,4,4,0.78684,0
0,3,3,0,0,0.34485,0
0,3,3,0,1,0.51008,0
0,3,3,0,2,0.35842,0
0,3,3,0,3,0.65974,0
0,3,3,0,4,0.48537,0
0,3,3,1,0,0.73359,3
0,3,3,1,1,0.03359,0
0,3,3,1,2,0.71431,18
0,3,3,1,3,0.71602,21
0,3,3,1,4,0.36199,0
0,3,3,2,0,0.68095,19
0,3,3,2,1,0.65081,26
0,3,3,2,2,0.02492,0
0,3,3,2,3,0.66242,15
0,3,3,2,4,0.14361,0
0,3,3,3,0,0.31306,0
0,3,3,3,1,0.86426,0
0,3,3,3,2,0.91761,0
0,3,3,3,3,0.54453,0
0,3,3,3,4,0.40848,0
0,3,3,4,0,0.10874,0
0,3,3,4,1,0.71539,0
0,3,3,4,2,0.16535,0
0,3,3,4,3,0.01703,0
0,3,3,4,4,0.22233,0
0,3,4,0,0,0.10809,0
0,3,4,0,1,0.73074,0
0,3,4,0,2,0.76088,0
0,3,4,0,3,0.02415,0
0,3,4,0,4,0.46990,0
0,3,4,1,0,0.84730,0
0,3,4,1,1,0.49015,0
0,3,4,1,2,0.25169,0
0,3,4,1,3,0.70529,0
0,3,4,1,4,0.79919,0
0,3,4,2,0,0.40692,0
0,3,4,2,1,0.44770,11
0,3,4,2,2,0.17769,0
0,3,4,2,3,0.44060,46
0,3,4,2,4,0.47135,0
0,3,4,3,0,0.28333,0
0,3,4,3,1,0.22444,0
0,3,4,3,2,0.97315,0
0,3,4,3,3,0.54720,0
0,3,4,3,4,0.49859,0
0,3,4,4,0,0.68273,0
0,3,4,4,1,0.16399,0
0,3,4,4,2,0.53039,0
0,3,4,4,3,0.32389,0
0,3,4,4,4,0.96564,0
0,4,0,0,0,0.20323,0
0,4,0,0,1,0.39655,0
0,4,0,0,2,0.88337,1
0,4,0,0,3,0.74753,0
0,4,0,0,4,0.87054,0
0,4,0,1,0,0.70207,0
0,4,0,1,1,0.19380,0
0,4,0,1,2,0.24523,0
0,4,0,1,3,0.63614,0
0,4,0,1,4,0.57818,0
0,4,0,2,0,0.65385,0
0,4,0,2,1,0.41410,0
0,4,0,2,2,0.62895,4
0,4,0,2,3,0.66860,0
0,4,0,2,4,0.50319,0
0,4,0,3,0,0.11763,0
0,4,0,3,1,0.37147,0
0,4,0,3,2,0.77881,0
0,4,0,3,3,0.38924,0
0,4,0,3,4,0.47443,0
0,4,0,4,0,0.18129,0
0,4,0,4,1,0.22839,0
0,4,0,4,2,0.98499,0
0,4,0,4,3,0.13851,0
0,4,0,4,4,0.33829,0
0,4,1,0,0,0.02817,0
0,4,1,0,1,0.32705,0
0,4,1,0,2,0.22653,0
0,4,1,0,3,0.25187,0
0,4,1,0,4,0.03954,0
0,4,1,1,0,0.88734,3
0,4,1,1,1,0.85635,7
0,4,1,1,2,0.37382,0
0,4,1,1,3,0.21612,0
0,4,1,1,4,0.36685,0
0,4,1,2,0,0.90294,2
0,4,1,2,1,0.62405,0
0,4,1,2,2,0.87637,0
0,4,1,2,3,0.91722,0
0,4,1,2,4,0.87932,0
0,4,1,3,0,0.83598,0
0,4,1,3,1,0.71062,0
0,4,1,3,2,0.03737,0
0,4,1,3,3,0.71868,0
0,4,1,3,4,0.35959,0
0,4,1,4,0,0.88722,0
0,4,1,4,1,0.58761,0
0,4,1,4,2,0.42965,0
0,4,1,4,3,0.33208,0
0,4,1,4,4,0.18989,0
0,4,2,0,0,0.21805,0
0,4,2,0,1,0.65098,0
0,4,2,0,2,0.15426,0
0,4,2,0,3,0.59179,0
0,4,2,0,4,0.84971,0
0,4,2,1,0,0.84789,5
0,4,2,1,1,0.39553,0
0,4,2,1,2,0.05206,0
0,4,2,1,3,0.77467,0
0,4,2,1,4,0.48229,0
0,4,2,2,0,0.58259,9
0,4,2,2,1,0.60636,0
0,4,2,2,2,0.41783,0
0,4,2,2,3,0.35311,0
0,4,2,2,4,0.19258,0
0,4,2,3,0,0.01552,0
0,4,2,3,1,0.50316,0
0,4,2,3,2,0.17667,0
0,4,2,3,3,0.78418,0
0,4,2,3,4,0.33510,0
0,4,2,4,0,0.22358,0
0,4,2,4,1,0.03929,0
0,4,2,4,2,0.59129,0
0,4,2,4,3,0.77325,0
0,4,2,4,4,0.02658,0
0,4,3,0,0,0.07867,0
0,4,3,0,1,0.26767,0
0,4,3,0,2,0.11582,0
0,4,3,0,3,0.79648,0
0,4,3,0,4,0.04448,0
0,4,3,1,0,0.17455,0
0,4,3,1,1,0.81454,0
0,4,3,1,2,0.53936,0
0,4,3,1,3,0.58947,0
0,4,3,1,4,0.84091,0
0,4,3,2,0,0.44757,10
0,4,3,2,1,0.15822,0
0,4,3,2,2,0.12527,0
0,4,3,2,3,0.02936,0
0,4,3,2,4,0.45168,36
0,4,3,3,0,0.54374,0
0,4,3,3,1,0.53468,0
0,4,3,3,2,0.32284,0
0,4,3,3,3,0.06407,0
0,4,3,3,4,0.99971,0
0,4,3,4,0,0.89648,0
0,4,3,4,1,0.39430,0
0,4,3,4,2,0.94369,0
0,4,3,4,3,0.97259,0
0,4,3,4,4,0.64969,0
0,4,4,0,0,0.02511,0
0,4,4,0,1,0.76430,0
0,4,4,0,2,0.16093,0
0,4,4,0,3,0.30049,0
0,4,4,0,4,0.49720,0
0,4,4,1,0,0.74433,0
0,4,4,1,1,0.34339,0
0,4,4,1,2,0.85826,0
0,4,4,1,3,0.20001,0
0,4,4,1,4,0.36671,0
0,4,4,2,0,0.68262,0
0,4,4,2,1,0.67657,0
0,4,4,2,2,0.16519,0
0,4,4,2,3,0.38102,0
0,4,4,2,4,0.68864,12
0,4,4,3,0,0.27012,0
0,4,4,3,1,0.77052,0
0,4,4,3,2,0.64721,0
0,4,4,3,3,0.94981,0
0,4,4,3,4,0.98079,0
0,4,4,4,0,0.03895,0
0,4,4,4,1,0.93459,0
0,4,4,4,2,0.45123,0
0,4,4,4,3,0.07353,0
0,4,4,4,4,0.79939,0
1,0,0,0,0,0.57601,0
1,0,0,0,1,0.69629,0
1,0,0,0,2,0.95752,0
1,0,0,0,3,0.47337,0
1,0,0,0,4,0.56915,0
1,0,0,1,0,0.60736,0
1,0,0,1,1,0.74829,0
1,0,0,1,2,0.40432,0
1,0,0,1,3,0.31611,0
1,0,0,1,4,0.88994,0
1,0,0,2,0,0.31310,0
1,0,0,2,1,0.45656,0
1,0,0,2,2,0.69670,0
1,0,0,2,3,0.88152,0
1,0,0,2,4,0.27534,0
1,0,0,3,0,0.07630,0
1,0,0,3,1,0.58243,0
1,0,0,3,2,0.76813,0
1,0,0,3,3,0.19256,0
1,0,0,3,4,0.12928,0
1,0,0,4,0,0.21537,0
1,0,0,4,1,0.72800,0
1,0,0,4,2,0.26835,0
1,0,0,4,3,0.60813,0
1,0,0,4,4,0.09980,0
1,0,1,0,0,0.54289,0
1,0,1,0,1,0.51024,0
1,0,1,0,2,0.73674,0
1,0,1,0,3,0.18432,0
1,0,1,0,4,0.35554,0
1,0,1,1,0,0.20344,0
1,0,1,1,1,0.09011,0
1,0,1,1,2,0.14829,0
1,0,1,1,3,0.54545,0
1,0,1,1,4,0.99725,3
1,0,1,2,0,0.09497,0
1,0,1,2,1,0.54895,0
1,0,1,2,2,0.14566,0
1,0,1,2,3,0.17248,0
1,0,1,2,4,0.67996,0
1,0,1,3,0,0.43395,0
1,0,1,3,1,0.82941,0
1,0,1,3,2,0.58038,0
1,0,1,3,3,0.90359,0
1,0,1,3,4,0.77931,0
1,0,1,4,0,0.25824,0
1,0,1,4,1,0.83610,0
1,0,1,4,2,0.10405,0
1,0,1,4,3,0.77337,0
1,0,1,4,4,0.50239,0
1,0,2,0,0,0.70210,0
1,0,2,0,1,0.48717,0
1,0,2,0,2,0.53536,0
1,0,2,0,3,0.31899,0
1,0,2,0,4,0.50180,0
1,0,2,1,0,0.18638,1
1,0,2,1,1,0.33028,0
1,0,2,1,2,0.30549,0
1,0,2,1,3,1.19212,35
1,0,2,1,4,0.79712,0
1,0,2,2,0,0.84671,9
1,0,2,2,1,0.33326,0
1,0,2,2,2,0.50333,0
1,0,2,2,3,0.23575,0
1,0,2,2,4,0.39254,0
1,0,2,3,0,0.21010,0
1,0,2,3,1,0.98449,0
1,0,2,3,2,0.75617,0
1,0,2,3,3,0.54759,0
1,0,2,3,4,0.22085,0
1,0,2,4,0,0.30681,0
1,0,2,4,1,0.87825,0
1,0,2,4,2,0.92771,0
1,0,2,4,3,0.05170,0
1,0,2,4,4,0.48703,0
1,0,3,0,0,0.27749,0
1,0,3,0,1,0.44859,0
1,0,3,0,2,0.61615,0
1,0,3,0,3,0.01958,0
1,0,3,0,4,0.15851,0
1,0,3,1,0,0.40552,0
1,0,3,1,1,0.52670,1
1,0,3,1,2,0.89865,0
1,0,3,1,3,0.54044,0
1,0,3,1,4,1.18288,29
1,0,3,2,0,0.94056,37
1,0,3,2,1,0.22742,0
1,0,3,2,2,0.25031,0
1,0,3,2,3,0.62559,0
1,0,3,2,4,0.67574,0
1,0,3,3,0,0.40453,0
1,0,3,3,1,0.35504,0
1,0,3,3,2,0.13530,0
1,0,3,3,3,0.10593,0
1,0,3,3,4,0.33602,0
1,0,3,4,0,0.35349,0
1,0,3,4,1,0.53855,0
1,0,3,4,2,0.81122,0
1,0,3,4,3,0.98505,0
1,0,3,4,4,0.69708,0
1,0,4,0,0,0.40599,0
1,0,4,0,1,0.60075,0
1,0,4,0,2,0.84242,0
1,0,4,0,3,0.11083,0
1,0,4,0,4,0.29894,0
1,0,4,1,0,0.92834,0
1,0,4,1,1,0.57751,0
1,0,4,1,2,0.74610,0
1,0,4,1,3,0.93128,1
1,0,4,1,4,0.67491,0
1,0,4,2,0,0.15748,1
1,0,4,2,1,0.41250,0
1,0,4,2,2,0.03816,0
1,0,4,2,3,0.87320,14
1,0,4,2,4,0.65033,0
1,0,4,3,0,0.00801,0
1,0,4,3,1,0.47578,0
1,0,4,3,2,0.44636,0
1,0,4,3,3,0.28856,0
1,0,4,3,4,0.79503,0
1,0,4,4,0,0.09570,0
1,0,4,4,1,0.43240,0
1,0,4,4,2,0.74035,0
1,0,4,4,3,0.35462,0
1,0,4,4,4,0.51022,0
1,1,0,0,0,0.71679,0
1,1,0,0,1,0.40778,0
1,1,0,0,2,0.89178,0
1,1,0,0,3,0.69698,0
1,1,0,0,4,0.01086,0
1,1,0,1,0,0.61634,15
1,1,0,1,1,0.06196,0
1,1,0,1,2,0.56043,0
1,1,0,1,3,0.67687,0
1,1,0,1,4,0.64912,0
1,1,0,2,0,1.17605,19
1,1,0,2,1,0.31606,0
1,1,0,2,2,0.31272,2
1,1,0,2,3,0.08432,0
1,1,0,2,4,0.19935,1
1,1,0,3,0,0.04919,0
1,1,0,3,1,0.03303,0
1,1,0,3,2,0.89263,0
1,1,0,3,3,0.21634,0
1,1,0,3,4,0.21153,0
1,1,0,4,0,0.11933,0
1,1,0,4,1,0.84069,0
1,1,0,4,2,0.81226,0
1,1,0,4,3,0.13601,0
1,1,0,4,4,0.45059,0
1,1,1,0,0,0.61201,0
1,1,1,0,1,0.64535,25
1,1,1,0,2,0.65189,17
1,1,1,0,3,0.30294,2
1,1,1,0,4,1.01887,13
1,1,1,1,0,3.00359,416
1,1,1,1,1,0.55085,82
1,1,1,1,2,0.44040,4
1,1,1,1,3,0.43918,29
1,1,1,1,4,0.13526,0
1,1,1,2,0,0.38597,2
1,1,1,2,1,0.37388,11
1,1,1,2,2,0.27870,44
1,1,1,2,3,0.13757,2
1,1,1,2,4,0.40958,62
1,1,1,3,0,0.20370,0
1,1,1,3,1,0.89745,0
1,1,1,3,2,0.20690,0
1,1,1,3,3,0.83957,0
1,1,1,3,4,0.24933,0
1,1,1,4,0,0.70636,0
1,1,1,4,1,0.37370,0
1,1,1,4,2,0.01397,0
1,1,1,4,3,0.71960,0
1,1,1,4,4,0.06570,0
1,1,2,0,0,0.52352,9
1,1,2,0,1,1.03089,57
1,1,2,0,2,0.01880,0
1,1,2,0,3,0.45958,0
1,1,2,0,4,0.11522,0
1,1,2,1,0,2.15956,1730
1,1,2,1,1,0.59919,1
1,1,2,1,2,0.64531,34
1,1,2,1,3,0.67386,234
1,1,2,1,4,0.56644,0
1,1,2,2,0,0.39805,66
1,1,2,2,1,0.07675,140
1,1,2,2,2,0.61321,60
1,1,2,2,3,-0.15494,4
1,1,2,2,4,0.04511,0
1,1,2,3,0,0.91837,0
1,1,2,3,1,0.95960,0
1,1,2,3,2,0.22439,0
1,1,2,3,3,0.80726,0
1,1,2,3,4,0.60761,0
1,1,2,4,0,0.87831,0
1,1,2,4,1,0.74299,0
1,1,2,4,2,0.28794,0
1,1,2,4,3,0.43079,0
1,1,2,4,4,0.57732,0
1,1,3,0,0,0.86967,3
1,1,3,0,1,0.24189,0
1,1,3,0,2,0.63726,0
1,1,3,0,3,0.52419,0
1,1,3,0,4,0.84526,0
1,1,3,1,0,0.75914,884
1,1,3,1,1,0.66355,124
1,1,3,1,2,0.55854,112
1,1,3,1,3,0.32252,0
1,1,3,1,4,1.25165,171
1,1,3,2,0,1.69582,667
1,1,3,2,1,0.52033,56
1,1,3,2,2,0.08385,3
1,1,3,2,3,0.58520,279
1,1,3,2,4,0.37944,195
1,1,3,3,0,0.02498,0
1,1,3,3,1,0.95384,0
1,1,3,3,2,0.59851,0
1,1,3,3,3,0.21888,0
1,1,3,3,4,0.90387,0
1,1,3,4,0,0.97715,0
1,1,3,4,1,0.04839,0
1,1,3,4,2,0.02321,0
1,1,3,4,3,0.83643,0
1,1,3,4,4,0.08336,0
1,1,4,0,0,0.68050,0
1,1,4,0,1,0.46348,0
1,1,4,0,2,0.08932,0
1,1,4,0,3,0.89094,0
1,1,4,0,4,0.62778,0
1,1,4,1,0,0.38737,0
1,1,4,1,1,0.38064,0
1,1,4,1,2,0.00912,0
1,1,4,1,3,0.02621,0
1,1,4,1,4,0.78614,1
1,1,4,2,0,0.19040,80
1,1,4,2,1,0.26766,18
1,1,4,2,2,0.19382,8
1,1,4,2,3,0.26579,102
1,1,4,2,4,0.76871,145
1,1,4,3,0,0.73477,0
1,1,4,3,1,0.45542,0
1,1,4,3,2,0.76868,0
1,1,4,3,3,0.03013,0
1,1,4,3,4,0.78345,0
1,1,4,4,0,0.26082,0
1,1,4,4,1,0.11452,0
1,1,4,4,2,0.14076,0
1,1,4,4,3,0.93999,0
1,1,4,4,4,0.96872,0
1,2,0,0,0,0.72864,1
1,2,0,0,1,0.49746,0
1,2,0,0,2,0.73539,2
1,2,0,0,3,0.56503,0
1,2,0,0,4,0.56828,0
1,2,0,1,0,0.14896,2
1,2,0,1,1,0.22963,1
1,2,0,1,2,0.47235,2
1,2,0,1,3,0.57037,28
1,2,0,1,4,0.31565,0
1,2,0,2,0,0.17460,4
1,2,0,2,1,0.00216,0
1,2,0,2,2,0.07237,0
1,2,0,2,3,0.16643,0
1,2,0,2,4,0.16952,37
1,2,0,3,0,0.90203,0
1,2,0,3,1,0.59351,0
1,2,0,3,2,0.06549,0
1,2,0,3,3,0.91629,0
1,2,0,3,4,0.08675,0
1,2,0,4,0,0.61617,0
1,2,0,4,1,0.42143,0
1,2,0,4,2,0.16241,0
1,2,0,4,3,0.88859,0
1,2,0,4,4,0.28738,0
1,2,1,0,0,0.83571,33
1,2,1,0,1,0.73576,0
1,2,1,0,2,0.32525,0
1,2,1,0,3,0.82174,0
1,2,1,0,4,0.78965,17
1,2,1,1,0,1.80560,399
1,2,1,1,1,0.34227,42
1,2,1,1,2,0.13321,0
1,2,1,1,3,0.25988,3
1,2,1,1,4,0.44728,1
1,2,1,2,0,0.21002,8
1,2,1,2,1,0.14178,1
1,2,1,2,2,0.19301,18
1,2,1,2,3,0.20710,34
1,2,1,2,4,0.32482,77
1,2,1,3,0,0.15446,0
1,2,1,3,1,0.38938,0
1,2,1,3,2,0.00488,0
1,2,1,3,3,0.00998,0
1,2,1,3,4,0.08001,0
1,2,1,4,0,0.72401,0
1,2,1,4,1,0.64009,0
1,2,1,4,2,0.59125,0
1,2,1,4,3,0.23452,0
1,2,1,4,4,0.60765,0
1,2,2,0,0,0.42881,3
1,2,2,0,1,0.30142,0
1,2,2,0,2,0.50196,13
1,2,2,0,3,0.51968,37
1,2,2,0,4,0.20447,3
1,2,2,1,0,0.70758,736
1,2,2,1,1,0.40039,31
1,2,2,1,2,0.42252,98
1,2,2,1,3,0.45319,147
1,2,2,1,4,0.45917,230
1,2,2,2,0,0.78415,108
1,2,2,2,1,0.30308,29
1,2,2,2,2,0.30188,64
1,2,2,2,3,0.28580,1
1,2,2,2,4,0.25997,81
1,2,2,3,0,0.81233,0
1,2,2,3,1,0.89963,0
1,2,2,3,2,0.98317,0
1,2,2,3,3,0.19859,0
1,2,2,3,4,0.53957,0
1,2,2,4,0,0.79616,0
1,2,2,4,1,0.44432,0
1,2,2,4,2,0.47112,0
1,2,2,4,3,0.26354,0
1,2,2,4,4,0.22437,0
1,2,3,0,0,0.05943,0
1,2,3,0,1,0.66559,0
1,2,3,0,2,0.64980,0
1,2,3,0,3,0.08852,0
1,2,3,0,4,0.63345,0
1,2,3,1,0,0.19648,617
1,2,3,1,1,0.10605,0
1,2,3,1,2,0.20608,193
1,2,3,1,3,0.49048,67
1,2,3,1,4,0.06106,187
1,2,3,2,0,-0.01983,248
1,2,3,2,1,-0.01192,52
1,2,3,2,2,-0.09379,114
1,2,3,2,3,0.31850,509
1,2,3,2,4,-0.02534,82
1,2,3,3,0,0.67363,0
1,2,3,3,1,0.39005,0
1,2,3,3,2,0.23889,0
1,2,3,3,3,0.67517,0
1,2,3,3,4,0.34184,0
1,2,3,4,0,0.47055,0
1,2,3,4,1,0.35793,0
1,2,3,4,2,0.02440,0
1,2,3,4,3,0.13724,0
1,2,3,4,4,0.31445,0
1,2,4,0,0,0.58037,0
1,2,4,0,1,0.43212,0
1,2,4,0,2,0.80024,0
1,2,4,0,3,0.75197,0
1,2,4,0,4,0.19496,0
1,2,4,1,0,0.74852,3
1,2,4,1,1,0.15520,0
1,2,4,1,2,0.60720,0
1,2,4,1,3,0.36758,0
1,2,4,1,4,0.16473,0
1,2,4,2,0,-0.04917,99
1,2,4,2,1,-0.22823,11
1,2,4,2,2,-0.04637,53
1,2,4,2,3,0.19329,370
1,2,4,2,4,-0.05103,5
1,2,4,3,0,0.16328,0
1,2,4,3,1,0.09304,0
1,2,4,3,2,0.44100,0
1,2,4,3,3,0.06671,0
1,2,4,3,4,0.59222,0
1,2,4,4,0,0.38174,0
1,2,4,4,1,0.27483,0
1,2,4,4,2,0.68240,0
1,2,4,4,3,0.67611,0
1,2,4,4,4,0.24377,0
1,3,0,0,0,0.03598,0
1,3,0,0,1,0.49563,0
1,3,0,0,2,0.50976,1
1,3,0,0,3,0.26155,0
1,3,0,0,4,0.76908,4
1,3,0,1,0,0.14237,1
1,3,0,1,1,0.12215,0
1,3,0,1,2,0.44376,28
1,3,0,1,3,0.34518,0
1,3,0,1,4,0.43924,3
1,3,0,2,0,0.73677,9
1,3,0,2,1,0.30488,2
1,3,0,2,2,0.54689,0
1,3,0,2,3,0.07852,0
1,3,0,2,4,0.64772,0
1,3,0,3,0,0.87966,0
1,3,0,3,1,0.18161,0
1,3,0,3,2,0.53617,0
1,3,0,3,3,0.14657,0
1,3,0,3,4,0.52081,0
1,3,0,4,0,0.65336,0
1,3,0,4,1,0.30231,0
1,3,0,4,2,0.50248,0
1,3,0,4,3,0.84792,0
1,3,0,4,4,0.91343,0
1,3,1,0,0,0.70961,21
1,3,1,0,1,0.04540,0
1,3,1,0,2,0.21598,0
1,3,1,0,3,0.56086,22
1,3,1,0,4,0.58872,25
1,3,1,1,0,0.30663,101
1,3,1,1,1,0.07811,0
1,3,1,1,2,0.14933,0
1,3,1,1,3,0.24205,133
1,3,1,1,4,0.47908,97
1,3,1,2,0,0.44172,30
1,3,1,2,1,0.31114,60
1,3,1,2,2,0.30302,40
1,3,1,2,3,0.07616,1
1,3,1,2,4,0.30931,11
1,3,1,3,0,0.42852,0
1,3,1,3,1,0.81689,0
1,3,1,3,2,0.38674,0
1,3,1,3,3,0.38552,0
1,3,1,3,4,0.91715,0
1,3,1,4,0,0.89136,0
1,3,1,4,1,0.45250,0
1,3,1,4,2,0.17283,0
1,3,1,4,3,0.62252,0
1,3,1,4,4,0.44977,0
1,3,2,0,0,0.73459,12
1,3,2,0,1,0.03761,0
1,3,2,0,2,0.49512,0
1,3,2,0,3,0.75349,6
1,3,2,0,4,0.61512,0
1,3,2,1,0,0.25436,94
1,3,2,1,1,0.00570,0
1,3,2,1,2,0.16365,5
1,3,2,1,3,0.26386,221
1,3,2,1,4,0.40708,212
1,3,2,2,0,0.02939,87
1,3,2,2,1,0.04690,68
1,3,2,2,2,0.25181,82
1,3,2,2,3,-0.03827,3
1,3,2,2,4,0.02512,5
1,3,2,3,0,0.60158,0
1,3,2,3,1,0.93329,0
1,3,2,3,2,0.44290,0
1,3,2,3,3,0.13717,0
1,3,2,3,4,0.81311,0
1,3,2,4,0,0.57688,0
1,3,2,4,1,0.74192,0
1,3,2,4,2,0.46202,0
1,3,2,4,3,0.30702,0
1,3,2,4,4,0.86897,0
1,3,3,0,0,0.15672,0
1,3,3,0,1,0.08223,0
1,3,3,0,2,0.02552,0
1,3,3,0,3,0.55930,0
1,3,3,0,4,0.86746,0
1,3,3,1,0,0.20204,204
1,3,3,1,1,0.02700,75
1,3,3,1,2,0.18156,131
1,3,3,1,3,0.12561,1
1,3,3,1,4,0.20350,93
1,3,3,2,0,0.04627,11
1,3,3,2,1,-0.13654,20
1,3,3,2,2,0.09215,192
1,3,3,2,3,-0.04559,212
1,3,3,2,4,0.03284,76
1,3,3,3,0,0.39101,0
1,3,3,3,1,0.88339,0
1,3,3,3,2,0.87604,0
1,3,3,3,3,0.88523,0
1,3,3,3,4,0.03718,0
1,3,3,4,0,0.22358,0
1,3,3,4,1,0.45817,0
1,3,3,4,2,0.53065,0
1,3,3,4,3,0.28605,0
1,3,3,4,4,0.38183,0
1,3,4,0,0,0.46847,0
1,3,4,0,1,0.29873,0
1,3,4,0,2,0.45388,0
1,3,4,0,3,0.16836,0
1,3,4,0,4,0.86058,0
1,3,4,1,0,0.54583,0
1,3,4,1,1,0.63020,12
1,3,4,1,2,0.62565,0
1,3,4,1,3,0.26698,0
1,3,4,1,4,0.61661,0
1,3,4,2,0,-0.15084,44
1,3,4,2,1,-0.23806,73
1,3,4,2,2,-0.14365,18
1,3,4,2,3,0.02703,267
1,3,4,2,4,-0.14422,31
1,3,4,3,0,0.93876,0
1,3,4,3,1,0.25094,0
1,3,4,3,2,0.07805,0
1,3,4,3,3,0.79297,0
1,3,4,3,4,0.76211,0
1,3,4,4,0,0.48049,0
1,3,4,4,1,0.02404,0
1,3,4,4,2,0.73872,0
1,3,4,4,3,0.04762,0
1,3,4,4,4,0.12624,0
1,4,0,0,0,0.77546,7
1,4,0,0,1,0.63110,0
1,4,0,0,2,0.78633,0
1,4,0,0,3,0.70602,0
1,4,0,0,4,0.27055,0
1,4,0,1,0,0.45948,11
1,4,0,1,1,0.45078,8
1,4,0,1,2,0.46199,21
1,4,0,1,3,0.46023,10
1,4,0,1,4,0.37079,0
1,4,0,2,0,-0.07063,3
1,4,0,2,1,0.15071,24
1,4,0,2,2,0.16610,26
1,4,0,2,3,0.15543,1
1,4,0,2,4,0.04744,12
1,4,0,3,0,0.03396,0
1,4,0,3,1,0.92289,0
1,4,0,3,2,0.84699,0
1,4,0,3,3,0.17185,0
1,4,0,3,4,0.51422,0
1,4,0,4,0,0.33103,0
1,4,0,4,1,0.71116,0
1,4,0,4,2,0.19183,0
1,4,0,4,3,0.76026,0
1,4,0,4,4,0.93519,0
1,4,1,0,0,0.27573,1
1,4,1,0,1,0.04160,0
1,4,1,0,2,0.65813,24
1,4,1,0,3,0.60495,0
1,4,1,0,4,0.25006,1
1,4,1,1,0,0.43171,152
1,4,1,1,1,0.05567,0
1,4,1,1,2,0.43228,2
1,4,1,1,3,0.46686,25
1,4,1,1,4,0.43253,1
1,4,1,2,0,0.59166,12
1,4,1,2,1,0.57495,21
1,4,1,2,2,0.59496,6
1,4,1,2,3,0.57531,16
1,4,1,2,4,0.21934,1
1,4,1,3,0,0.87629,0
1,4,1,3,1,0.88797,0
1,4,1,3,2,0.17800,0
1,4,1,3,3,0.36667,0
1,4,1,3,4,0.00115,0
1,4,1,4,0,0.69285,0
1,4,1,4,1,0.82002,0
1,4,1,4,2,0.69466,0
1,4,1,4,3,0.99430,0
1,4,1,4,4,0.83817,0
1,4,2,0,0,0.22734,2
1,4,2,0,1,0.22554,1
1,4,2,0,2,0.72342,19
1,4,2,0,3,0.57403,0
1,4,2,0,4,0.67399,10
1,4,2,1,0,0.34316,53
1,4,2,1,1,0.30731,8
1,4,2,1,2,0.05190,1
1,4,2,1,3,0.35292,26
1,4,2,1,4,0.24385,56
1,4,2,2,0,0.42229,54
1,4,2,2,1,0.34085,0
1,4,2,2,2,0.39337,0
1,4,2,2,3,0.39452,14
1,4,2,2,4,0.13622,0
1,4,2,3,0,0.42109,0
1,4,2,3,1,0.13761,0
1,4,2,3,2,0.33480,0
1,4,2,3,3,0.66642,0
1,4,2,3,4,0.10573,0
1,4,2,4,0,0.56650,0
1,4,2,4,1,0.40318,0
1,4,2,4,2,0.21129,0
1,4,2,4,3,0.61209,0
1,4,2,4,4,0.87305,0
1,4,3,0,0,0.02292,0
1,4,3,0,1,0.46101,0
1,4,3,0,2,0.34157,0
1,4,3,0,3,0.57908,0
1,4,3,0,4,0.97058,0
1,4,3,1,0,0.35558,45
1,4,3,1,1,0.38002,13
1,4,3,1,2,0.38203,44
1,4,3,1,3,0.36780,37
1,4,3,1,4,0.10347,0
1,4,3,2,0,0.08235,44
1,4,3,2,1,0.08415,37
1,4,3,2,2,0.00233,48
1,4,3,2,3,0.09845,109
1,4,3,2,4,0.02136,72
1,4,3,3,0,0.92464,0
1,4,3,3,1,0.61133,0
1,4,3,3,2,0.45114,0
1,4,3,3,3,0.20907,0
1,4,3,3,4,0.31025,0
1,4,3,4,0,0.83440,0
1,4,3,4,1,0.54661,0
1,4,3,4,2,0.66794,0
1,4,3,4,3,0.20877,0
1,4,3,4,4,0.37839,0
1,4,4,0,0,0.20376,0
1,4,4,0,1,0.48942,0
1,4,4,0,2,0.62121,0
1,4,4,0,3,0.39125,0
1,4,4,0,4,0.99336,0
1,4,4,1,0,0.62292,0
1,4,4,1,1,0.12482,0
1,4,4,1,2,0.90140,0
1,4,4,1,3,0.93162,0
1,4,4,1,4,0.89261,0
1,4,4,2,0,0.32134,16
1,4,4,2,1,0.40126,24
1,4,4,2,2,0.26333,1
1,4,4,2,3,0.23187,0
1,4,4,2,4,0.40336,53
1,4,4,3,0,0.45686,0
1,4,4,3,1,0.58551,0
1,4,4,3,2,0.44710,0
1,4,4,3,3,0.55427,0
1,4,4,3,4,0.43469,0
1,4,4,4,0,0.71875,0
1,4,4,4,1,0.38064,0
1,4,4,4,2,0.68141,0
1,4,4,4,3,0.82674,0
1,4,4,4,4,0.97667,0
2,0,0,0,0,0.76165,0
2,0,0,0,1,0.53244,0
2,0,0,0,2,0.30930,0
2,0,0,0,3,0.19839,0
2,0,0,0,4,0.60862,0
2,0,0,1,0,0.46651,0
2,0,0,1,1,0.37328,0
2,0,0,1,2,0.96507,0
2,0,0,1,3,0.77918,0
2,0,0,1,4,0.97809,0
2,0,0,2,0,0.46170,0
2,0,0,2,1,0.76001,0
2,0,0,2,2,0.15003,0
2,0,0,2,3,0.23657,0
2,0,0,2,4,0.41523,0
2,0,0,3,0,0.34427,0
2,0,0,3,1,0.95413,0
2,0,0,3,2,0.62703,0
2,0,0,3,3,0.02096,0
2,0,0,3,4,0.22106,0
2,0,0,4,0,0.00235,0
2,0,0,4,1,0.28910,0
2,0,0,4,2,0.61285,0
2,0,0,4,3,0.66120,0
2,0,0,4,4,0.87310,0
2,0,1,0,0,0.57774,0
2,0,1,0,1,0.48167,0
2,0,1,0,2,0.26649,0
2,0,1,0,3,0.72653,5
2,0,1,0,4,0.63221,8
2,0,1,1,0,0.33523,1
2,0,1,1,1,0.45902,0
2,0,1,1,2,0.59963,18
2,0,1,1,3,0.51629,5
2,0,1,1,4,0.03685,0
2,0,1,2,0,0.60206,0
2,0,1,2,1,0.45305,0
2,0,1,2,2,0.72922,4
2,0,1,2,3,0.09950,0
2,0,1,2,4,0.68147,0
2,0,1,3,0,0.18212,0
2,0,1,3,1,0.01463,0
2,0,1,3,2,0.90577,0
2,0,1,3,3,0.60680,0
2,0,1,3,4,0.49959,0
2,0,1,4,0,0.61772,0
2,0,1,4,1,0.89182,0
2,0,1,4,2,0.22695,0
2,0,1,4,3,0.33648,0
2,0,1,4,4,0.15365,0
2,0,2,0,0,0.73873,0
2,0,2,0,1,0.09821,0
2,0,2,0,2,1.10667,4
2,0,2,0,3,0.34626,0
2,0,2,0,4,0.48899,0
2,0,2,1,0,1.39183,42
2,0,2,1,1,0.85783,7
2,0,2,1,2,0.43713,0
2,0,2,1,3,0.43087,0
2,0,2,1,4,0.07330,0
2,0,2,2,0,0.54110,0
2,0,2,2,1,0.52017,0
2,0,2,2,2,0.32588,0
2,0,2,2,3,0.18242,0
2,0,2,2,4,0.81065,3
2,0,2,3,0,0.38215,0
2,0,2,3,1,0.92695,0
2,0,2,3,2,0.53877,0
2,0,2,3,3,0.69060,0
2,0,2,3,4,0.77984,0
2,0,2,4,0,0.76284,0
2,0,2,4,1,0.76065,0
2,0,2,4,2,0.86510,0
2,0,2,4,3,0.88578,0
2,0,2,4,4,0.84927,0
2,0,3,0,0,0.79368,0
2,0,3,0,1,0.23111,0
2,0,3,0,2,0.84343,0
2,0,3,0,3,0.32778,0
2,0,3,0,4,0.46704,0
2,0,3,1,0,0.63521,0
2,0,3,1,1,0.69457,35
2,0,3,1,2,0.03059,0
2,0,3,1,3,0.56526,3
2,0,3,1,4,0.18472,0
2,0,3,2,0,0.29366,0
2,0,3,2,1,1.15244,53
2,0,3,2,2,0.20395,0
2,0,3,2,3,0.59020,21
2,0,3,2,4,0.09298,0
2,0,3,3,0,0.28423,0
2,0,3,3,1,0.34944,0
2,0,3,3,2,0.02261,0
2,0,3,3,3,0.82984,0
2,0,3,3,4,0.85401,0
2,0,3,4,0,0.14059,0
2,0,3,4,1,0.56582,0
2,0,3,4,2,0.99373,0
2,0,3,4,3,0.99333,0
2,0,3,4,4,0.60427,0
2,0,4,0,0,0.70437,0
2,0,4,0,1,0.91071,0
2,0,4,0,2,0.18726,0
2,0,4,0,3,0.98701,0
2,0,4,0,4,0.97525,0
2,0,4,1,0,0.17723,0
2,0,4,1,1,0.35123,0
2,0,4,1,2,0.60154,0
2,0,4,1,3,0.58422,0
2,0,4,1,4,0.96413,0
2,0,4,2,0,0.43919,20
2,0,4,2,1,0.32402,0
2,0,4,2,2,0.06409,0
2,0,4,2,3,0.28445,0
2,0,4,2,4,0.33514,0
2,0,4,3,0,0.10773,0
2,0,4,3,1,0.57887,0
2,0,4,3,2,0.58918,0
2,0,4,3,3,0.48563,0
2,0,4,3,4,0.22735,0
2,0,4,4,0,0.38727,0
2,0,4,4,1,0.73194,0
2,0,4,4,2,0.74503,0
2,0,4,4,3,0.22300,0
2,0,4,4,4,0.24133,0
2,1,0,0,0,0.42651,0
2,1,0,0,1,0.30294,0
2,1,0,0,2,0.67443,0
2,1,0,0,3,0.97385,12
2,1,0,0,4,0.81034,0
2,1,0,1,0,1.43502,31
2,1,0,1,1,0.14267,1
2,1,0,1,2,0.63543,0
2,1,0,1,3,0.62283,0
2,1,0,1,4,0.25723,0
2,1,0,2,0,0.47187,0
2,1,0,2,1,0.74440,8
2,1,0,2,2,0.79624,11
2,1,0,2,3,0.73502,1
2,1,0,2,4,0.43857,0
2,1,0,3,0,0.15540,0
2,1,0,3,1,0.06516,0
2,1,0,3,2,0.68931,0
2,1,0,3,3,0.69213,0
2,1,0,3,4,0.53810,0
2,1,0,4,0,0.96522,0
2,1,0,4,1,0.71781,0
2,1,0,4,2,0.40965,0
2,1,0,4,3,0.68512,0
2,1,0,4,4,0.81077,0
2,1,1,0,0,0.66998,6
2,1,1,0,1,1.13776,52
2,1,1,0,2,0.23486,0
2,1,1,0,3,0.29517,0
2,1,1,0,4,0.19140,0
2,1,1,1,0,2.52970,918
2,1,1,1,1,0.59792,97
2,1,1,1,2,0.41385,1
2,1,1,1,3,0.34796,0
2,1,1,1,4,0.51976,1
2,1,1,2,0,0.10522,5
2,1,1,2,1,0.34488,20
2,1,1,2,2,0.29473,97
2,1,1,2,3,0.88860,158
2,1,1,2,4,0.40090,9
2,1,1,3,0,0.89684,0
2,1,1,3,1,0.61015,0
2,1,1,3,2,0.85367,0
2,1,1,3,3,0.84004,0
2,1,1,3,4,0.18736,0
2,1,1,4,0,0.27452,0
2,1,1,4,1,0.19678,0
2,1,1,4,2,0.82473,0
2,1,1,4,3,0.07628,0
2,1,1,4,4,0.24791,0
2,1,2,0,0,0.84851,56
2,1,2,0,1,0.00647,0
2,1,2,0,2,0.16510,0
2,1,2,0,3,0.28198,0
2,1,2,0,4,0.14876,0
2,1,2,1,0,1.57172,3985
2,1,2,1,1,0.66551,29
2,1,2,1,2,0.69168,1
2,1,2,1,3,0.08707,0
2,1,2,1,4,0.92413,4
2,1,2,2,0,0.82903,196
2,1,2,2,1,0.37066,235
2,1,2,2,2,1.03112,258
2,1,2,2,3,0.15817,2
2,1,2,2,4,0.29427,192
2,1,2,3,0,0.06935,0
2,1,2,3,1,0.14482,0
2,1,2,3,2,0.23073,0
2,1,2,3,3,0.54159,0
2,1,2,3,4,0.95444,0
2,1,2,4,0,0.17275,0
2,1,2,4,1,0.53927,0
2,1,2,4,2,0.98533,0
2,1,2,4,3,0.57872,0
2,1,2,4,4,0.74818,0
2,1,3,0,0,0.47488,0
2,1,3,0,1,0.61101,0
2,1,3,0,2,0.86768,0
2,1,3,0,3,0.85839,0
2,1,3,0,4,0.92466,3
2,1,3,1,0,0.76537,1420
2,1,3,1,1,0.29168,0
2,1,3,1,2,0.11110,1
2,1,3,1,3,0.08832,1
2,1,3,1,4,0.59187,25
2,1,3,2,0,1.41388,1231
2,1,3,2,1,0.09515,61
2,1,3,2,2,0.69451,572
2,1,3,2,3,0.25328,258
2,1,3,2,4,0.00029,2
2,1,3,3,0,0.07996,0
2,1,3,3,1,0.88115,0
2,1,3,3,2,0.65133,0
2,1,3,3,3,0.51996,0
2,1,3,3,4,0.58769,0
2,1,3,4,0,0.39448,0
2,1,3,4,1,0.99520,0
2,1,3,4,2,0.33232,0
2,1,3,4,3,0.73839,0
2,1,3,4,4,0.53767,0
2,1,4,0,0,0.59520,0
2,1,4,0,1,0.95545,0
2,1,4,0,2,0.04085,0
2,1,4,0,3,0.86244,0
2,1,4,0,4,0.40987,0
2,1,4,1,0,0.42710,1
2,1,4,1,1,0.44864,0
2,1,4,1,2,0.08834,0
2,1,4,1,3,0.86472,6
2,1,4,1,4,0.31023,0
2,1,4,2,0,0.60906,192
2,1,4,2,1,0.13349,96
2,1,4,2,2,0.01265,143
2,1,4,2,3,0.13153,47
2,1,4,2,4,0.04962,41
2,1,4,3,0,0.64236,0
2,1,4,3,1,0.31996,0
2,1,4,3,2,0.77484,0
2,1,4,3,3,0.27874,0
2,1,4,3,4,0.28171,0
2,1,4,4,0,0.92612,0
2,1,4,4,1,0.07014,0
2,1,4,4,2,0.49638,0
2,1,4,4,3,0.29411,0
2,1,4,4,4,0.35380,0
2,2,0,0,0,0.77236,3
2,2,0,0,1,0.33996,0
2,2,0,0,2,0.75934,13
2,2,0,0,3,0.40884,1
2,2,0,0,4,0.41682,0
2,2,0,1,0,0.23609,3
2,2,0,1,1,0.70698,21
2,2,0,1,2,0.06346,0
2,2,0,1,3,0.27415,0
2,2,0,1,4,0.75050,11
2,2,0,2,0,0.28225,0
2,2,0,2,1,0.20810,0
2,2,0,2,2,0.57441,0
2,2,0,2,3,0.56600,41
2,2,0,2,4,0.57917,9
2,2,0,3,0,0.40811,0
2,2,0,3,1,0.55678,0
2,2,0,3,2,0.66051,0
2,2,0,3,3,0.93888,0
2,2,0,3,4,0.53534,0
2,2,0,4,0,0.94608,0
2,2,0,4,1,0.08957,0
2,2,0,4,2,0.37652,0
2,2,0,4,3,0.34629,0
2,2,0,4,4,0.30026,0
2,2,1,0,0,0.86088,111
2,2,1,0,1,0.58597,14
2,2,1,0,2,0.55551,0
2,2,1,0,3,0.01293,0
2,2,1,0,4,0.14421,1
2,2,1,1,0,1.63339,555
2,2,1,1,1,0.53145,17
2,2,1,1,2,0.52455,1
2,2,1,1,3,0.64750,3
2,2,1,1,4,0.52622,60
2,2,1,2,0,0.52966,77
2,2,1,2,1,0.43405,67
2,2,1,2,2,0.11152,1
2,2,1,2,3,0.28862,2
2,2,1,2,4,0.43821,13
2,2,1,3,0,0.55632,0
2,2,1,3,1,0.27678,0
2,2,1,3,2,0.44356,0
2,2,1,3,3,0.43082,0
2,2,1,3,4,0.72489,0
2,2,1,4,0,0.77926,0
2,2,1,4,1,0.02893,0
2,2,1,4,2,0.96064,0
2,2,1,4,3,0.33693,0
2,2,1,4,4,0.17461,0
2,2,2,0,0,0.53635,43
2,2,2,0,1,0.53840,28
2,2,2,0,2,0.23846,0
2,2,2,0,3,0.53340,0
2,2,2,0,4,0.53362,16
2,2,2,1,0,0.61227,2320
2,2,2,1,1,0.29444,74
2,2,2,1,2,0.27575,1
2,2,2,1,3,0.15428,3
2,2,2,1,4,0.30041,406
2,2,2,2,0,0.87647,502
2,2,2,2,1,0.24270,10
2,2,2,2,2,0.26718,104
2,2,2,2,3,0.30053,79
2,2,2,2,4,0.25883,15
2,2,2,3,0,0.65980,0
2,2,2,3,1,0.01784,0
2,2,2,3,2,0.00818,0
2,2,2,3,3,0.77360,0
2,2,2,3,4,0.00185,0
2,2,2,4,0,0.14797,0
2,2,2,4,1,0.53281,0
2,2,2,4,2,0.55450,0
2,2,2,4,3,0.07915,0
2,2,2,4,4,0.18478,0
2,2,3,0,0,0.84545,5
2,2,3,0,1,0.37250,0
2,2,3,0,2,0.18525,0
2,2,3,0,3,0.39877,0
2,2,3,0,4,0.47297,0
2,2,3,1,0,0.27803,899
2,2,3,1,1,0.07253,154
2,2,3,1,2,0.12712,207
2,2,3,1,3,0.02819,116
2,2,3,1,4,0.09424,73
2,2,3,2,0,0.06726,1991
2,2,3,2,1,-0.18167,22
2,2,3,2,2,0.34092,786
2,2,3,2,3,-0.09971,202
2,2,3,2,4,-0.15454,162
2,2,3,3,0,0.73479,0
2,2,3,3,1,0.34451,0
2,2,3,3,2,0.05309,0
2,2,3,3,3,0.16340,0
2,2,3,3,4,0.75086,0
2,2,3,4,0,0.48901,0
2,2,3,4,1,0.63905,0
2,2,3,4,2,0.00667,0
2,2,3,4,3,0.84292,0
2,2,3,4,4,0.93059,0
2,2,4,0,0,0.84868,0
2,2,4,0,1,0.69039,0
2,2,4,0,2,0.33873,0
2,2,4,0,3,0.73406,0
2,2,4,0,4,0.41419,0
2,2,4,1,0,0.70902,22
2,2,4,1,1,0.15209,0
2,2,4,1,2,0.15100,0
2,2,4,1,3,0.21217,0
2,2,4,1,4,0.09927,0
2,2,4,2,0,0.18193,285
2,2,4,2,1,-0.27372,148
2,2,4,2,2,-0.34305,56
2,2,4,2,3,-0.38574,204
2,2,4,2,4,-0.29303,87
2,2,4,3,0,0.23264,0
2,2,4,3,1,0.38749,0
2,2,4,3,2,0.36858,0
2,2,4,3,3,0.58532,0
2,2,4,3,4,0.66948,0
2,2,4,4,0,0.15482,0
2,2,4,4,1,0.92947,0
2,2,4,4,2,0.48861,0
2,2,4,4,3,0.95245,0
2,2,4,4,4,0.40093,0
2,3,0,0,0,0.18508,0
2,3,0,0,1,0.17115,1
2,3,0,0,2,0.69739,0
2,3,0,0,3,0.22893,0
2,3,0,0,4,0.29244,0
2,3,0,1,0,0.38206,5
2,3,0,1,1,0.73376,71
2,3,0,1,2,0.36070,0
2,3,0,1,3,0.32852,2
2,3,0,1,4,0.59507,1
2,3,0,2,0,0.79470,13
2,3,0,2,1,0.20993,0
2,3,0,2,2,0.35191,1
2,3,0,2,3,0.66374,0
2,3,0,2,4,0.65000,8
2,3,0,3,0,0.53845,0
2,3,0,3,1,0.45506,0
2,3,0,3,2,0.84612,0
2,3,0,3,3,0.14234,0
2,3,0,3,4,0.37167,0
2,3,0,4,0,0.49689,0
2,3,0,4,1,0.90888,0
2,3,0,4,2,0.09044,0
2,3,0,4,3,0.68997,0
2,3,0,4,4,0.88272,0
2,3,1,0,0,0.84122,81
2,3,1,0,1,0.22546,0
2,3,1,0,2,0.78217,8
2,3,1,0,3,0.72582,4
2,3,1,0,4,0.76290,0
2,3,1,1,0,0.57389,333
2,3,1,1,1,0.32832,1
2,3,1,1,2,0.32920,11
2,3,1,1,3,0.32183,113
2,3,1,1,4,0.33017,28
2,3,1,2,0,0.27867,9
2,3,1,2,1,0.25175,27
2,3,1,2,2,0.30500,52
2,3,1,2,3,0.18214,5
2,3,1,2,4,0.29627,58
2,3,1,3,0,0.95453,0
2,3,1,3,1,0.21338,0
2,3,1,3,2,0.06601,0
2,3,1,3,3,0.73148,0
2,3,1,3,4,0.07039,0
2,3,1,4,0,0.82426,0
2,3,1,4,1,0.87823,0
2,3,1,4,2,0.93787,0
2,3,1,4,3,0.31505,0
2,3,1,4,4,0.14389,0
2,3,2,0,0,0.38784,5
2,3,2,0,1,0.03480,0
2,3,2,0,2,0.42809,1
2,3,2,0,3,0.46738,90
2,3,2,0,4,0.34472,0
2,3,2,1,0,0.68020,909
2,3,2,1,1,0.11764,138
2,3,2,1,2,0.15450,168
2,3,2,1,3,0.12041,102
2,3,2,1,4,0.12422,104
2,3,2,2,0,-0.07771,70
2,3,2,2,1,-0.13300,160
2,3,2,2,2,0.03851,316
2,3,2,2,3,-0.20341,67
2,3,2,2,4,-0.10765,137
2,3,2,3,0,0.67719,0
2,3,2,3,1,0.40894,0
2,3,2,3,2,0.85596,0
2,3,2,3,3,0.37879,0
2,3,2,3,4,0.76291,0
2,3,2,4,0,0.96447,0
2,3,2,4,1,0.34820,0
2,3,2,4,2,0.82803,0
2,3,2,4,3,0.21568,0
2,3,2,4,4,0.72498,0
2,3,3,0,0,0.51993,0
2,3,3,0,1,0.08507,0
2,3,3,0,2,0.84005,2
2,3,3,0,3,0.74010,0
2,3,3,0,4,0.23133,0
2,3,3,1,0,0.02566,734
2,3,3,1,1,0.02752,134
2,3,3,1,2,-0.02884,184
2,3,3,1,3,0.05762,127
2,3,3,1,4,0.02482,198
2,3,3,2,0,-0.02642,1040
2,3,3,2,1,-0.21408,47
2,3,3,2,2,-0.25131,1094
2,3,3,2,3,-0.23466,47
2,3,3,2,4,-0.20933,145
2,3,3,3,0,0.58514,0
2,3,3,3,1,0.24800,0
2,3,3,3,2,0.78930,0
2,3,3,3,3,0.64901,0
2,3,3,3,4,0.09940,0
2,3,3,4,0,0.33885,0
2,3,3,4,1,0.20353,0
2,3,3,4,2,0.18684,0
2,3,3,4,3,0.21144,0
2,3,3,4,4,0.08611,0
2,3,4,0,0,0.46565,0
2,3,4,0,1,0.35068,0
2,3,4,0,2,0.69764,0
2,3,4,0,3,0.64008,0
2,3,4,0,4,0.57233,0
2,3,4,1,0,0.32083,0
2,3,4,1,1,0.93348,9
2,3,4,1,2,0.15382,0
2,3,4,1,3,0.16195,0
2,3,4,1,4,0.81194,1
2,3,4,2,0,-0.19843,620
2,3,4,2,1,-0.27223,170
2,3,4,2,2,-0.38123,12
2,3,4,2,3,-0.27978,88
2,3,4,2,4,-0.24460,35
2,3,4,3,0,0.08913,0
2,3,4,3,1,0.44084,0
2,3,4,3,2,0.94514,0
2,3,4,3,3,0.57440,0
2,3,4,3,4,0.86507,0
2,3,4,4,0,0.52795,0
2,3,4,4,1,0.61355,0
2,3,4,4,2,0.69423,0
2,3,4,4,3,0.12225,0
2,3,4,4,4,0.78340,0
2,4,0,0,0,0.31561,1
2,4,0,0,1,0.68676,0
2,4,0,0,2,0.11210,1
2,4,0,0,3,0.65331,0
2,4,0,0,4,0.81439,7
2,4,0,1,0,0.35307,3
2,4,0,1,1,0.50389,24
2,4,0,1,2,0.41580,32
2,4,0,1,3,0.19384,3
2,4,0,1,4,0.49719,3
2,4,0,2,0,-0.04190,2
2,4,0,2,1,0.23498,3
2,4,0,2,2,0.23066,15
2,4,0,2,3,0.20912,4
2,4,0,2,4,0.22475,49
2,4,0,3,0,0.73551,0
2,4,0,3,1,0.43850,0
2,4,0,3,2,0.54799,0
2,4,0,3,3,0.36001,0
2,4,0,3,4,0.67876,0
2,4,0,4,0,0.22820,0
2,4,0,4,1,0.39793,0
2,4,0,4,2,0.34773,0
2,4,0,4,3,0.11742,0
2,4,0,4,4,0.33029,0
2,4,1,0,0,0.50412,16
2,4,1,0,1,0.50175,15
2,4,1,0,2,0.42259,0
2,4,1,0,3,0.50914,4
2,4,1,0,4,0.50171,26
2,4,1,1,0,0.29656,273
2,4,1,1,1,0.29681,28
2,4,1,1,2,0.16827,1
2,4,1,1,3,0.23880,2
2,4,1,1,4,0.31117,28
2,4,1,2,0,0.32142,49
2,4,1,2,1,0.20583,7
2,4,1,2,2,0.13845,3
2,4,1,2,3,0.22693,1
2,4,1,2,4,0.31483,46
2,4,1,3,0,0.01088,0
2,4,1,3,1,0.94208,0
2,4,1,3,2,0.07008,0
2,4,1,3,3,0.05013,0
2,4,1,3,4,0.76564,0
2,4,1,4,0,0.88516,0
2,4,1,4,1,0.92622,0
2,4,1,4,2,0.92009,0
2,4,1,4,3,0.96507,0
2,4,1,4,4,0.60522,0
2,4,2,0,0,0.43477,72
2,4,2,0,1,0.48062,31
2,4,2,0,2,0.43166,13
2,4,2,0,3,0.18905,0
2,4,2,0,4,0.27559,1
2,4,2,1,0,0.07690,130
2,4,2,1,1,0.04490,10
2,4,2,1,2,0.08537,301
2,4,2,1,3,0.08279,21
2,4,2,1,4,0.27549,98
2,4,2,2,0,0.03310,6
2,4,2,2,1,0.09060,84
2,4,2,2,2,0.04177,23
2,4,2,2,3,0.05848,148
2,4,2,2,4,0.05899,61
2,4,2,3,0,0.84181,0
2,4,2,3,1,0.81245,0
2,4,2,3,2,0.38875,0
2,4,2,3,3,0.38846,0
2,4,2,3,4,0.33788,0
2,4,2,4,0,0.93348,0
2,4,2,4,1,0.46807,0
2,4,2,4,2,0.26877,0
2,4,2,4,3,0.63729,0
2,4,2,4,4,0.88734,0
2,4,3,0,0,0.57775,0
2,4,3,0,1,0.92021,0
2,4,3,0,2,0.19526,0
2,4,3,0,3,0.48435,0
2,4,3,0,4,0.80378,0
2,4,3,1,0,0.13202,388
2,4,3,1,1,0.01211,63
2,4,3,1,2,0.01375,120
2,4,3,1,3,0.01028,13
2,4,3,1,4,-0.00511,94
2,4,3,2,0,0.00577,667
2,4,3,2,1,-0.36351,88
2,4,3,2,2,-0.20647,614
2,4,3,2,3,-0.24316,65
2,4,3,2,4,-0.28923,134
2,4,3,3,0,0.43213,0
2,4,3,3,1,0.86091,0
2,4,3,3,2,0.42600,0
2,4,3,3,3,0.06688,0
2,4,3,3,4,0.33117,0
2,4,3,4,0,0.24185,0
2,4,3,4,1,0.48323,0
2,4,3,4,2,0.48324,0
2,4,3,4,3,0.79494,0
2,4,3,4,4,0.26699,0
2,4,4,0,0,0.80474,0
2,4,4,0,1,0.56955,0
2,4,4,0,2,0.08405,0
2,4,4,0,3,0.04756,0
2,4,4,0,4,0.88198,0
2,4,4,1,0,0.90974,0
2,4,4,1,1,0.37807,0
2,4,4,1,2,0.08985,0
2,4,4,1,3,0.93243,1
2,4,4,1,4,0.89160,0
2,4,4,2,0,-0.17692,10
2,4,4,2,1,-0.27537,57
2,4,4,2,2,-0.17009,106
2,4,4,2,3,-0.10949,162
2,4,4,2,4,-0.18043,52
2,4,4,3,0,0.72190,0
2,4,4,3,1,0.39203,0
2,4,4,3,2,0.55831,0
2,4,4,3,3,0.84926,0
2,4,4,3,4,0.47986,0
2,4,4,4,0,0.83113,0
2,4,4,4,1,0.62413,0
2,4,4,4,2,0.74652,0
2,4,4,4,3,0.70831,0
2,4,4,4,4,0.21034,0
3,0,0,0,0,0.33844,0
3,0,0,0,1,0.04014,0
3,0,0,0,2,0.22513,0
3,0,0,0,3,0.60224,0
3,0,0,0,4,0.13691,0
3,0,0,1,0,0.92389,0
3,0,0,1,1,0.82831,0
3,0,0,1,2,0.71880,0
3,0,0,1,3,0.63747,0
3,0,0,1,4,1.10372,3
3,0,0,2,0,0.96335,0
3,0,0,2,1,0.81562,0
3,0,0,2,2,0.23716,0
3,0,0,2,3,0.93053,0
3,0,0,2,4,0.20889,0
3,0,0,3,0,0.49583,0
3,0,0,3,1,0.61568,0
3,0,0,3,2,0.42926,0
3,0,0,3,3,0.40343,0
3,0,0,3,4,0.80908,0
3,0,0,4,0,0.27951,0
3,0,0,4,1,0.24686,0
3,0,0,4,2,0.20936,0
3,0,0,4,3,0.77196,0
3,0,0,4,4,0.58194,0
3,0,1,0,0,0.28881,0
3,0,1,0,1,0.92259,3
3,0,1,0,2,0.32440,0
3,0,1,0,3,0.36259,0
3,0,1,0,4,0.20477,0
3,0,1,1,0,0.06507,0
3,0,1,1,1,0.78014,0
3,0,1,1,2,0.46399,0
3,0,1,1,3,0.60584,0
3,0,1,1,4,0.69009,0
3,0,1,2,0,0.02985,0
3,0,1,2,1,0.93855,4
3,0,1,2,2,0.84225,0
3,0,1,2,3,0.52836,0
3,0,1,2,4,0.11167,0
3,0,1,3,0,0.40596,0
3,0,1,3,1,0.13068,0
3,0,1,3,2,0.85839,0
3,0,1,3,3,0.27691,0
3,0,1,3,4,0.33383,0
3,0,1,4,0,0.28620,0
3,0,1,4,1,0.99532,0
3,0,1,4,2,0.34732,0
3,0,1,4,3,0.79399,0
3,0,1,4,4,0.43603,0
3,0,2,0,0,0.30996,0
3,0,2,0,1,0.98576,0
3,0,2,0,2,0.84217,0
3,0,2,0,3,0.87040,0
3,0,2,0,4,0.85637,0
3,0,2,1,0,0.52871,3
3,0,2,1,1,0.26053,0
3,0,2,1,2,0.62070,0
3,0,2,1,3,1.33985,51
3,0,2,1,4,0.80395,0
3,0,2,2,0,0.38431,1
3,0,2,2,1,0.44559,0
3,0,2,2,2,0.05916,0
3,0,2,2,3,1.33657,12
3,0,2,2,4,0.46843,0
3,0,2,3,0,0.65295,0
3,0,2,3,1,0.36973,0
3,0,2,3,2,0.93296,0
3,0,2,3,3,0.07916,0
3,0,2,3,4,0.58897,0
3,0,2,4,0,0.12185,0
3,0,2,4,1,0.04276,0
3,0,2,4,2,0.72524,0
3,0,2,4,3,0.68516,0
3,0,2,4,4,0.70953,0
3,0,3,0,0,0.26695,0
3,0,3,0,1,0.58510,0
3,0,3,0,2,0.66974,0
3,0,3,0,3,0.08532,0
3,0,3,0,4,0.63558,0
3,0,3,1,0,0.72882,0
3,0,3,1,1,1.21091,24
3,0,3,1,2,0.63464,0
3,0,3,1,3,0.77181,1
3,0,3,1,4,0.85246,0
3,0,3,2,0,1.31445,13
3,0,3,2,1,0.14227,0
3,0,3,2,2,0.69490,0
3,0,3,2,3,0.89555,27
3,0,3,2,4,0.87530,0
3,0,3,3,0,0.85512,0
3,0,3,3,1,0.01535,0
3,0,3,3,2,0.95767,0
3,0,3,3,3,0.37454,0
3,0,3,3,4,0.93187,0
3,0,3,4,0,0.36531,0
3,0,3,4,1,0.76665,0
3,0,3,4,2,0.08335,0
3,0,3,4,3,0.76233,0
3,0,3,4,4,0.94401,0
3,0,4,0,0,0.52707,0
3,0,4,0,1,0.16636,0
3,0,4,0,2,0.73781,0
3,0,4,0,3,0.04543,0
3,0,4,0,4,0.45977,0
3,0,4,1,0,0.63412,0
3,0,4,1,1,0.05894,0
3,0,4,1,2,0.38246,0
3,0,4,1,3,0.73202,0
3,0,4,1,4,0.16880,0
3,0,4,2,0,0.07845,0
3,0,4,2,1,0.72598,1
3,0,4,2,2,0.92052,2
3,0,4,2,3,0.06688,0
3,0,4,2,4,0.49362,0
3,0,4,3,0,0.31887,0
3,0,4,3,1,0.73754,0
3,0,4,3,2,0.15739,0
3,0,4,3,3,0.42704,0
3,0,4,3,4,0.46599,0
3,0,4,4,0,0.18246,0
3,0,4,4,1,0.48885,0
3,0,4,4,2,0.06391,0
3,0,4,4,3,0.41941,0
3,0,4,4,4,0.78001,0
3,1,0,0,0,0.16886,0
3,1,0,0,1,0.17179,2
3,1,0,0,2,0.62166,0
3,1,0,0,3,0.12935,0
3,1,0,0,4,0.84887,17
3,1,0,1,0,0.40214,5
3,1,0,1,1,1.12381,48
3,1,0,1,2,0.30001,0
3,1,0,1,3,0.40738,1
3,1,0,1,4,0.24026,1
3,1,0,2,0,0.65049,1
3,1,0,2,1,0.73142,2
3,1,0,2,2,0.66934,0
3,1,0,2,3,0.52125,1
3,1,0,2,4,0.73571,7
3,1,0,3,0,0.80588,0
3,1,0,3,1,0.36396,0
3,1,0,3,2,0.17538,0
3,1,0,3,3,0.68897,0
3,1,0,3,4,0.75126,0
3,1,0,4,0,0.91171,0
3,1,0,4,1,0.99049,0
3,1,0,4,2,0.52198,0
3,1,0,4,3,0.39375,0
3,1,0,4,4,0.40382,0
3,1,1,0,0,1.18462,11
3,1,1,0,1,0.01678,0
3,1,1,0,2,0.12194,0
3,1,1,0,3,0.65209,0
3,1,1,0,4,1.87267,67
3,1,1,1,0,2.46012,1269
3,1,1,1,1,0.18096,1
3,1,1,1,2,0.53242,0
3,1,1,1,3,0.17093,0
3,1,1,1,4,0.44704,2
3,1,1,2,0,2.34886,215
3,1,1,2,1,0.57858,28
3,1,1,2,2,0.48412,10
3,1,1,2,3,0.56676,39
3,1,1,2,4,0.63034,2
3,1,1,3,0,0.79353,0
3,1,1,3,1,0.62574,0
3,1,1,3,2,0.89164,0
3,1,1,3,3,0.62357,0
3,1,1,3,4,0.13019,0
3,1,1,4,0,0.38653,0
3,1,1,4,1,0.91549,0
3,1,1,4,2,0.31275,0
3,1,1,4,3,0.20858,0
3,1,1,4,4,0.06554,0
3,1,2,0,0,0.39124,4
3,1,2,0,1,0.13991,0
3,1,2,0,2,0.19921,1
3,1,2,0,3,0.26024,0
3,1,2,0,4,1.57046,129
3,1,2,1,0,1.50149,7978
3,1,2,1,1,0.65687,20
3,1,2,1,2,0.74803,15
3,1,2,1,3,0.39899,1
3,1,2,1,4,0.59563,6
3,1,2,2,0,2.00087,2333
3,1,2,2,1,0.84955,25
3,1,2,2,2,0.65626,2
3,1,2,2,3,0.74630,0
3,1,2,2,4,0.20056,0
3,1,2,3,0,0.95061,0
3,1,2,3,1,0.25022,0
3,1,2,3,2,0.45477,0
3,1,2,3,3,0.73516,0
3,1,2,3,4,0.97772,0
3,1,2,4,0,0.70585,0
3,1,2,4,1,0.46149,0
3,1,2,4,2,0.27122,0
3,1,2,4,3,0.20394,0
3,1,2,4,4,0.23109,0
3,1,3,0,0,0.60785,0
3,1,3,0,1,0.22723,0
3,1,3,0,2,0.85869,0
3,1,3,0,3,0.22044,0
3,1,3,0,4,0.66811,0
3,1,3,1,0,0.55217,17
3,1,3,1,1,0.14579,1
3,1,3,1,2,0.44851,198
3,1,3,1,3,0.89858,284
3,1,3,1,4,0.19081,1
3,1,3,2,0,1.00329,2604
3,1,3,2,1,0.03938,165
3,1,3,2,2,0.14996,10
3,1,3,2,3,0.09662,32
3,1,3,2,4,0.11435,410
3,1,3,3,0,0.51600,0
3,1,3,3,1,0.12169,0
3,1,3,3,2,0.00497,0
3,1,3,3,3,0.75546,0
3,1,3,3,4,0.08665,0
3,1,3,4,0,0.14234,0
3,1,3,4,1,0.69499,0
3,1,3,4,2,0.71093,0
3,1,3,4,3,0.53071,0
3,1,3,4,4,0.93021,0
3,1,4,0,0,0.40148,0
3,1,4,0,1,0.67360,0
3,1,4,0,2,0.40688,0
3,1,4,0,3,0.00120,0
3,1,4,0,4,0.32015,0
3,1,4,1,0,0.36750,1
3,1,4,1,1,0.17497,0
3,1,4,1,2,0.88223,10
3,1,4,1,3,0.51587,0
3,1,4,1,4,0.02997,0
3,1,4,2,0,0.49752,139
3,1,4,2,1,0.34636,38
3,1,4,2,2,0.31107,8
3,1,4,2,3,0.33299,38
3,1,4,2,4,0.16705,45
3,1,4,3,0,0.58168,0
3,1,4,3,1,0.26294,0
3,1,4,3,2,0.82892,0
3,1,4,3,3,0.11293,0
3,1,4,3,4,0.17916,0
3,1,4,4,0,0.91471,0
3,1,4,4,1,0.78748,0
3,1,4,4,2,0.64409,0
3,1,4,4,3,0.91080,0
3,1,4,4,4,0.98632,0
3,2,0,0,0,0.69544,9
3,2,0,0,1,0.11134,0
3,2,0,0,2,0.61697,0
3,2,0,0,3,0.32867,0
3,2,0,0,4,0.45012,0
3,2,0,1,0,0.72531,39
3,2,0,1,1,0.28868,2
3,2,0,1,2,0.84164,9
3,2,0,1,3,0.70561,1
3,2,0,1,4,0.48451,0
3,2,0,2,0,0.21055,1
3,2,0,2,1,0.02023,0
3,2,0,2,2,0.68480,7
3,2,0,2,3,0.40582,2
3,2,0,2,4,0.61081,4
3,2,0,3,0,0.61998,0
3,2,0,3,1,0.49083,0
3,2,0,3,2,0.94308,0
3,2,0,3,3,0.49055,0
3,2,0,3,4,0.24233,0
3,2,0,4,0,0.36342,0
3,2,0,4,1,0.68093,0
3,2,0,4,2,0.89287,0
3,2,0,4,3,0.34331,0
3,2,0,4,4,0.45029,0
3,2,1,0,0,0.75588,99
3,2,1,0,1,0.77588,22
3,2,1,0,2,0.03277,0
3,2,1,0,3,0.83627,26
3,2,1,0,4,0.32097,2
3,2,1,1,0,1.28331,806
3,2,1,1,1,0.45622,20
3,2,1,1,2,0.53138,71
3,2,1,1,3,0.44591,79
3,2,1,1,4,0.55774,54
3,2,1,2,0,1.47763,232
3,2,1,2,1,0.17239,2
3,2,1,2,2,0.43008,61
3,2,1,2,3,0.35642,48
3,2,1,2,4,0.25466,0
3,2,1,3,0,0.49300,0
3,2,1,3,1,0.13859,0
3,2,1,3,2,0.02608,0
3,2,1,3,3,0.06899,0
3,2,1,3,4,0.73913,0
3,2,1,4,0,0.31543,0
3,2,1,4,1,0.42827,0
3,2,1,4,2,0.20553,0
3,2,1,4,3,0.03577,0
3,2,1,4,4,0.71944,0
3,2,2,0,0,0.51564,150
3,2,2,0,1,0.47149,1
3,2,2,0,2,0.16614,0
3,2,2,0,3,0.51566,1
3,2,2,0,4,0.54969,65
3,2,2,1,0,0.86773,7454
3,2,2,1,1,0.25600,32
3,2,2,1,2,0.30493,5
3,2,2,1,3,0.08880,0
3,2,2,1,4,0.30753,586
3,2,2,2,0,0.58384,1968
3,2,2,2,1,0.05951,4
3,2,2,2,2,0.08763,684
3,2,2,2,3,0.06126,63
3,2,2,2,4,0.08612,134
3,2,2,3,0,0.86163,0
3,2,2,3,1,0.24932,0
3,2,2,3,2,0.00112,0
3,2,2,3,3,0.06797,0
3,2,2,3,4,0.25513,0
3,2,2,4,0,0.53429,0
3,2,2,4,1,0.24454,0
3,2,2,4,2,0.59000,0
3,2,2,4,3,0.95928,0
3,2,2,4,4,0.84480,0
3,2,3,0,0,0.09906,0
3,2,3,0,1,0.85570,0
3,2,3,0,2,0.11966,0
3,2,3,0,3,0.91803,0
3,2,3,0,4,0.20424,0
3,2,3,1,0,0.23584,763
3,2,3,1,1,0.10432,29
3,2,3,1,2,-0.08141,2
3,2,3,1,3,0.00214,0
3,2,3,1,4,0.12085,262
3,2,3,2,0,0.23926,5312
3,2,3,2,1,-0.28834,101
3,2,3,2,2,-0.16641,67
3,2,3,2,3,-0.26050,149
3,2,3,2,4,-0.24450,42
3,2,3,3,0,0.60107,0
3,2,3,3,1,0.45764,0
3,2,3,3,2,0.05027,0
3,2,3,3,3,0.97259,0
3,2,3,3,4,0.84690,0
3,2,3,4,0,0.28008,0
3,2,3,4,1,0.49815,0
3,2,3,4,2,0.71839,0
3,2,3,4,3,0.87560,0
3,2,3,4,4,0.16600,0
3,2,4,0,0,0.94120,0
3,2,4,0,1,0.28414,0
3,2,4,0,2,0.13629,0
3,2,4,0,3,0.64831,0
3,2,4,0,4,0.70963,0
3,2,4,1,0,0.64154,22
3,2,4,1,1,0.41520,0
3,2,4,1,2,0.24545,0
3,2,4,1,3,0.02458,0
3,2,4,1,4,0.28461,0
3,2,4,2,0,-0.27939,102
3,2,4,2,1,-0.49368,62
3,2,4,2,2,-0.14415,120
3,2,4,2,3,-0.41240,155
3,2,4,2,4,-0.49813,163
3,2,4,3,0,0.50580,0
3,2,4,3,1,0.46032,0
3,2,4,3,2,0.91509,0
3,2,4,3,3,0.22875,0
3,2,4,3,4,0.78513,0
3,2,4,4,0,0.19772,0
3,2,4,4,1,0.49736,0
3,2,4,4,2,0.55035,0
3,2,4,4,3,0.73885,0
3,2,4,4,4,0.02575,0
3,3,0,0,0,0.93744,2
3,3,0,0,1,0.23802,0
3,3,0,0,2,0.72341,0
3,3,0,0,3,0.60453,0
3,3,0,0,4,0.91469,0
3,3,0,1,0,0.62451,55
3,3,0,1,1,0.48210,0
3,3,0,1,2,0.47521,3
3,3,0,1,3,0.52896,36
3,3,0,1,4,0.22289,1
3,3,0,2,0,0.44213,6
3,3,0,2,1,0.64097,8
3,3,0,2,2,0.61688,1
3,3,0,2,3,0.65925,5
3,3,0,2,4,0.66567,23
3,3,0,3,0,0.37714,0
3,3,0,3,1,0.65684,0
3,3,0,3,2,0.64076,0
3,3,0,3,3,0.58846,0
3,3,0,3,4,0.54015,0
3,3,0,4,0,0.97736,0
3,3,0,4,1,0.47903,0
3,3,0,4,2,0.18080,0
3,3,0,4,3,0.18200,0
3,3,0,4,4,0.43997,0
3,3,1,0,0,0.38295,103
3,3,1,0,1,0.17555,0
3,3,1,0,2,0.02252,0
3,3,1,0,3,0.43526,90
3,3,1,0,4,0.39149,23
3,3,1,1,0,0.83616,353
3,3,1,1,1,0.15066,0
3,3,1,1,2,0.11104,117
3,3,1,1,3,0.34297,173
3,3,1,1,4,0.18908,230
3,3,1,2,0,0.79587,161
3,3,1,2,1,0.18014,42
3,3,1,2,2,0.10588,30
3,3,1,2,3,0.06988,1
3,3,1,2,4,0.13300,4
3,3,1,3,0,0.70889,0
3,3,1,3,1,0.33579,0
3,3,1,3,2,0.92713,0
3,3,1,3,3,0.67482,0
3,3,1,3,4,0.70171,0
3,3,1,4,0,0.69931,0
3,3,1,4,1,0.09379,0
3,3,1,4,2,0.92101,0
3,3,1,4,3,0.26191,0
3,3,1,4,4,0.95527,0
3,3,2,0,0,0.50431,177
3,3,2,0,1,0.04674,0
3,3,2,0,2,0.38440,48
3,3,2,0,3,0.37931,16
3,3,2,0,4,0.36582,26
3,3,2,1,0,0.51992,3623
3,3,2,1,1,0.02472,80
3,3,2,1,2,-0.00184,248
3,3,2,1,3,0.14895,398
3,3,2,1,4,0.02484,270
3,3,2,2,0,0.27263,1415
3,3,2,2,1,-0.45855,94
3,3,2,2,2,-0.19889,7
3,3,2,2,3,-0.37614,270
3,3,2,2,4,-0.36052,476
3,3,2,3,0,0.68289,0
3,3,2,3,1,0.25123,0
3,3,2,3,2,0.70125,0
3,3,2,3,3,0.46781,0
3,3,2,3,4,0.06475,0
3,3,2,4,0,0.00823,0
3,3,2,4,1,0.31425,0
3,3,2,4,2,0.46380,0
3,3,2,4,3,0.06676,0
3,3,2,4,4,0.92443,0
3,3,3,0,0,0.28014,0
3,3,3,0,1,0.77068,0
3,3,3,0,2,0.57435,0
3,3,3,0,3,0.18441,0
3,3,3,0,4,0.36523,0
3,3,3,1,0,0.08166,1077
3,3,3,1,1,-0.05392,135
3,3,3,1,2,-0.02682,103
3,3,3,1,3,-0.10893,202
3,3,3,1,4,0.00209,56
3,3,3,2,0,-0.01258,4459
3,3,3,2,1,-0.30706,108
3,3,3,2,2,-0.41415,117
3,3,3,2,3,-0.40400,290
3,3,3,2,4,-0.32774,119
3,3,3,3,0,0.43323,0
3,3,3,3,1,0.58599,0
3,3,3,3,2,0.51915,0
3,3,3,3,3,0.92594,0
3,3,3,3,4,0.34642,0
3,3,3,4,0,0.63982,0
3,3,3,4,1,0.72952,0
3,3,3,4,2,0.02423,0
3,3,3,4,3,0.16609,0
3,3,3,4,4,0.57175,0
3,3,4,0,0,0.90443,0
3,3,4,0,1,0.82296,0
3,3,4,0,2,0.36966,0
3,3,4,0,3,0.87066,0
3,3,4,0,4,0.50026,0
3,3,4,1,0,0.29666,0
3,3,4,1,1,0.31310,19
3,3,4,1,2,0.01553,0
3,3,4,1,3,0.18572,0
3,3,4,1,4,0.03459,1
3,3,4,2,0,0.01083,714
3,3,4,2,1,-0.24133,63
3,3,4,2,2,-0.28143,128
3,3,4,2,3,-0.36621,167
3,3,4,2,4,-0.31334,60
3,3,4,3,0,0.08984,0
3,3,4,3,1,0.87721,0
3,3,4,3,2,0.78780,0
3,3,4,3,3,0.43719,0
3,3,4,3,4,0.17403,0
3,3,4,4,0,0.89884,0
3,3,4,4,1,0.24775,0
3,3,4,4,2,0.87181,0
3,3,4,4,3,0.83558,0
3,3,4,4,4,0.24575,0
3,4,0,0,0,0.42068,2
3,4,0,0,1,0.35781,0
3,4,0,0,2,0.30675,0
3,4,0,0,3,0.85410,5
3,4,0,0,4,0.42933,0
3,4,0,1,0,0.09236,11
3,4,0,1,1,-0.02865,2
3,4,0,1,2,0.14442,26
3,4,0,1,3,0.15365,46
3,4,0,1,4,0.20789,58
3,4,0,2,0,0.19768,20
3,4,0,2,1,0.44688,22
3,4,0,2,2,0.24501,2
3,4,0,2,3,0.41792,7
3,4,0,2,4,0.48332,29
3,4,0,3,0,0.40327,0
3,4,0,3,1,0.87705,0
3,4,0,3,2,0.60881,0
3,4,0,3,3,0.99933,0
3,4,0,3,4,0.22033,0
3,4,0,4,0,0.29151,0
3,4,0,4,1,0.38681,0
3,4,0,4,2,0.70812,0
3,4,0,4,3,0.13699,0
3,4,0,4,4,0.76094,0
3,4,1,0,0,0.42764,113
3,4,1,0,1,0.33784,25
3,4,1,0,2,0.31706,1
3,4,1,0,3,0.12300,0
3,4,1,0,4,0.20076,0
3,4,1,1,0,0.41238,421
3,4,1,1,1,0.21571,7
3,4,1,1,2,0.20926,88
3,4,1,1,3,0.23207,128
3,4,1,1,4,0.23117,29
3,4,1,2,0,0.20327,61
3,4,1,2,1,0.02362,34
3,4,1,2,2,0.12170,67
3,4,1,2,3,0.21571,41
3,4,1,2,4,0.15911,23
3,4,1,3,0,0.80315,0
3,4,1,3,1,0.63778,0
3,4,1,3,2,0.94985,0
3,4,1,3,3,0.07424,0
3,4,1,3,4,0.41146,0
3,4,1,4,0,0.75834,0
3,4,1,4,1,0.04073,0
3,4,1,4,2,0.44487,0
3,4,1,4,3,0.02535,0
3,4,1,4,4,0.91517,0
3,4,2,0,0,0.17791,2
3,4,2,0,1,0.35018,36
3,4,2,0,2,0.45808,39
3,4,2,0,3,0.15022,0
3,4,2,0,4,0.37619,3
3,4,2,1,0,0.31392,529
3,4,2,1,1,0.09335,271
3,4,2,1,2,0.09146,131
3,4,2,1,3,0.09050,269
3,4,2,1,4,0.12997,498
3,4,2,2,0,0.23608,522
3,4,2,2,1,-0.07240,139
3,4,2,2,2,-0.13756,184
3,4,2,2,3,-0.08478,63
3,4,2,2,4,-0.09569,200
3,4,2,3,0,0.08073,0
3,4,2,3,1,0.06547,0
3,4,2,3,2,0.13034,0
3,4,2,3,3,0.07617,0
3,4,2,3,4,0.12545,0
3,4,2,4,0,0.47280,0
3,4,2,4,1,0.14669,0
3,4,2,4,2,0.08441,0
3,4,2,4,3,0.94238,0
3,4,2,4,4,0.84735,0
3,4,3,0,0,0.66665,0
3,4,3,0,1,0.49492,0
3,4,3,0,2,0.73787,6
3,4,3,0,3,0.28284,0
3,4,3,0,4,0.63642,0
3,4,3,1,0,0.03890,246
3,4,3,1,1,0.03574,197
3,4,3,1,2,0.02069,71
3,4,3,1,3,0.09275,288
3,4,3,1,4,0.04038,1
3,4,3,2,0,0.00606,3157
3,4,3,2,1,-0.42290,149
3,4,3,2,2,-0.27433,220
3,4,3,2,3,-0.27770,389
3,4,3,2,4,-0.34874,118
3,4,3,3,0,0.17558,0
3,4,3,3,1,0.15538,0
3,4,3,3,2,0.97945,0
3,4,3,3,3,0.32574,0
3,4,3,3,4,0.58195,0
3,4,3,4,0,0.52920,0
3,4,3,4,1,0.09273,0
3,4,3,4,2,0.26163,0
3,4,3,4,3,0.95955,0
3,4,3,4,4,0.65184,0
3,4,4,0,0,0.02802,0
3,4,4,0,1,0.28180,0
3,4,4,0,2,0.06344,0
3,4,4,0,3,0.99510,0
3,4,4,0,4,0.57669,0
3,4,4,1,0,0.69762,0
3,4,4,1,1,0.25217,0
3,4,4,1,2,0.56639,0
3,4,4,1,3,0.65607,0
3,4,4,1,4,0.66358,1
3,4,4,2,0,-0.12457,744
3,4,4,2,1,-0.10534,114
3,4,4,2,2,-0.19388,101
3,4,4,2,3,-0.13982,139
3,4,4,2,4,-0.11179,110
3,4,4,3,0,0.93518,0
3,4,4,3,1,0.36330,0
3,4,4,3,2,0.62167,0
3,4,4,3,3,0.35721,0
3,4,4,3,4,0.33986,0
3,4,4,4,0,0.73741,0
3,4,4,4,1,0.19153,0
3,4,4,4,2,0.99967,0
3,4,4,4,3,0.06609,0
3,4,4,4,4,0.96415,0
4,0,0,0,0,0.85218,0
4,0,0,0,1,0.01419,0
4,0,0,0,2,0.42564,0
4,0,0,0,3,0.96684,0
4,0,0,0,4,0.24669,0
4,0,0,1,0,0.73779,0
4,0,0,1,1,0.51393,0
4,0,0,1,2,0.52045,0
4,0,0,1,3,0.45998,0
4,0,0,1,4,0.02387,0
4,0,0,2,0,0.91904,0
4,0,0,2,1,0.61504,0
4,0,0,2,2,0.09230,0
4,0,0,2,3,0.27409,0
4,0,0,2,4,0.02613,0
4,0,0,3,0,0.70985,0
4,0,0,3,1,0.69858,0
4,0,0,3,2,0.99147,0
4,0,0,3,3,0.48043,0
4,0,0,3,4,0.64826,0
4,0,0,4,0,0.75264,0
4,0,0,4,1,0.47525,0
4,0,0,4,2,0.47854,0
4,0,0,4,3,0.68098,0
4,0,0,4,4,0.85538,0
4,0,1,0,0,0.53297,0
4,0,1,0,1,0.80370,2
4,0,1,0,2,0.12762,0
4,0,1,0,3,0.33590,2
4,0,1,0,4,0.24617,0
4,0,1,1,0,1.06026,6
4,0,1,1,1,0.70676,1
4,0,1,1,2,0.55207,0
4,0,1,1,3,2.03069,12
4,0,1,1,4,0.76473,0
4,0,1,2,0,0.58431,3
4,0,1,2,1,0.95406,3
4,0,1,2,2,0.11082,0
4,0,1,2,3,0.30088,0
4,0,1,2,4,0.11086,0
4,0,1,3,0,0.33687,0
4,0,1,3,1,0.23904,0
4,0,1,3,2,0.08270,0
4,0,1,3,3,0.21396,0
4,0,1,3,4,0.91994,0
4,0,1,4,0,0.61468,0
4,0,1,4,1,0.48803,0
4,0,1,4,2,0.49594,0
4,0,1,4,3,0.65060,0
4,0,1,4,4,0.22755,0
4,0,2,0,0,0.48168,1
4,0,2,0,1,0.73692,0
4,0,2,0,2,0.20241,0
4,0,2,0,3,0.78710,0
4,0,2,0,4,1.10565,5
4,0,2,1,0,2.57702,182
4,0,2,1,1,0.49861,0
4,0,2,1,2,0.73453,0
4,0,2,1,3,0.66968,2
4,0,2,1,4,0.23206,0
4,0,2,2,0,0.63892,0
4,0,2,2,1,0.15171,0
4,0,2,2,2,0.50321,0
4,0,2,2,3,2.52279,78
4,0,2,2,4,0.41066,0
4,0,2,3,0,0.83467,0
4,0,2,3,1,0.05622,0
4,0,2,3,2,0.23802,0
4,0,2,3,3,0.57087,0
4,0,2,3,4,0.02344,0
4,0,2,4,0,0.60653,0
4,0,2,4,1,0.86357,0
4,0,2,4,2,0.52064,0
4,0,2,4,3,0.40976,0
4,0,2,4,4,0.79716,0
4,0,3,0,0,0.87689,0
4,0,3,0,1,0.08366,0
4,0,3,0,2,0.08005,0
4,0,3,0,3,0.91677,0
4,0,3,0,4,0.34455,0
4,0,3,1,0,0.84836,0
4,0,3,1,1,1.13807,3
4,0,3,1,2,0.47182,0
4,0,3,1,3,0.89950,0
4,0,3,1,4,0.93573,0
4,0,3,2,0,0.44684,0
4,0,3,2,1,0.27675,0
4,0,3,2,2,0.16982,0
4,0,3,2,3,0.11526,0
4,0,3,2,4,2.61352,73
4,0,3,3,0,0.44782,0
4,0,3,3,1,0.11788,0
4,0,3,3,2,0.90647,0
4,0,3,3,3,0.78253,0
4,0,3,3,4,0.60471,0
4,0,3,4,0,0.38720,0
4,0,3,4,1,0.67622,0
4,0,3,4,2,0.47896,0
4,0,3,4,3,0.65963,0
4,0,3,4,4,0.15045,0
4,0,4,0,0,0.76989,0
4,0,4,0,1,0.10479,0
4,0,4,0,2,0.80481,0
4,0,4,0,3,0.75311,0
4,0,4,0,4,0.39933,0
4,0,4,1,0,0.65905,0
4,0,4,1,1,0.69716,0
4,0,4,1,2,0.65581,0
4,0,4,1,3,0.35110,0
4,0,4,1,4,0.34349,0
4,0,4,2,0,0.38255,0
4,0,4,2,1,0.79230,0
4,0,4,2,2,0.57583,0
4,0,4,2,3,0.07304,0
4,0,4,2,4,0.20284,0
4,0,4,3,0,0.48089,0
4,0,4,3,1,0.37265,0
4,0,4,3,2,0.86024,0
4,0,4,3,3,0.78458,0
4,0,4,3,4,0.45341,0
4,0,4,4,0,0.19219,0
4,0,4,4,1,0.94127,0
4,0,4,4,2,0.22165,0
4,0,4,4,3,0.39930,0
4,0,4,4,4,0.04780,0
4,1,0,0,0,0.55989,2
4,1,0,0,1,0.73276,7
4,1,0,0,2,0.66140,0
4,1,0,0,3,0.14622,0
4,1,0,0,4,0.04140,0
4,1,0,1,0,2.52126,181
4,1,0,1,1,0.38359,2
4,1,0,1,2,0.46778,24
4,1,0,1,3,0.83168,2
4,1,0,1,4,0.10870,1
4,1,0,2,0,0.35250,2
4,1,0,2,1,0.23952,0
4,1,0,2,2,0.38868,0
4,1,0,2,3,0.22615,1
4,1,0,2,4,0.83432,18
4,1,0,3,0,0.35923,0
4,1,0,3,1,0.95822,0
4,1,0,3,2,0.89409,0
4,1,0,3,3,0.54801,0
4,1,0,3,4,0.02802,0
4,1,0,4,0,0.06027,0
4,1,0,4,1,0.32952,0
4,1,0,4,2,0.95685,0
4,1,0,4,3,0.56162,0
4,1,0,4,4,0.13645,0
4,1,1,0,0,1.60327,208
4,1,1,0,1,0.25078,0
4,1,1,0,2,0.86285,0
4,1,1,0,3,0.02656,0
4,1,1,0,4,0.65593,0
4,1,1,1,0,2.99917,16409
4,1,1,1,1,0.60463,50
4,1,1,1,2,0.26078,2
4,1,1,1,3,0.56657,418
4,1,1,1,4,0.24366,0
4,1,1,2,0,2.78198,5539
4,1,1,2,1,0.34576,1
4,1,1,2,2,0.42473,0
4,1,1,2,3,0.04824,0
4,1,1,2,4,0.20394,0
4,1,1,3,0,0.16312,0
4,1,1,3,1,0.64839,0
4,1,1,3,2,0.56202,0
4,1,1,3,3,0.53495,0
4,1,1,3,4,0.38555,0
4,1,1,4,0,0.02156,0
4,1,1,4,1,0.61971,0
4,1,1,4,2,0.86931,0
4,1,1,4,3,0.62002,0
4,1,1,4,4,0.48163,0
4,1,2,0,0,1.49176,457
4,1,2,0,1,0.47202,0
4,1,2,0,2,0.70654,27
4,1,2,0,3,0.00756,0
4,1,2,0,4,0.78044,19
4,1,2,1,0,1.71847,16173
4,1,2,1,1,0.67380,565
4,1,2,1,2,0.50103,87
4,1,2,1,3,0.33071,90
4,1,2,1,4,0.72213,184
4,1,2,2,0,1.33432,8272
4,1,2,2,1,0.35047,1
4,1,2,2,2,0.21805,1
4,1,2,2,3,0.30353,1
4,1,2,2,4,0.12525,1
4,1,2,3,0,0.07283,0
4,1,2,3,1,0.64636,0
4,1,2,3,2,0.10211,0
4,1,2,3,3,0.65508,0
4,1,2,3,4,0.33269,0
4,1,2,4,0,0.77136,0
4,1,2,4,1,0.00682,0
4,1,2,4,2,0.37186,0
4,1,2,4,3,0.37650,0
4,1,2,4,4,0.11155,0
4,1,3,0,0,0.60516,0
4,1,3,0,1,0.17815,0
4,1,3,0,2,0.43392,1
4,1,3,0,3,0.67317,3
4,1,3,0,4,0.27172,0
4,1,3,1,0,0.51743,53
4,1,3,1,1,0.47381,10
4,1,3,1,2,0.22443,0
4,1,3,1,3,0.46637,26
4,1,3,1,4,0.61817,142
4,1,3,2,0,0.83577,2031
4,1,3,2,1,0.20617,139
4,1,3,2,2,0.18591,0
4,1,3,2,3,0.14429,142
4,1,3,2,4,0.23086,2
4,1,3,3,0,0.42367,0
4,1,3,3,1,0.84397,0
4,1,3,3,2,0.81752,0
4,1,3,3,3,0.72326,0
4,1,3,3,4,0.34157,0
4,1,3,4,0,0.33789,0
4,1,3,4,1,0.63058,0
4,1,3,4,2,0.95066,0
4,1,3,4,3,0.43739,0
4,1,3,4,4,0.00405,0
4,1,4,0,0,0.39321,0
4,1,4,0,1,0.52362,0
4,1,4,0,2,0.26234,0
4,1,4,0,3,0.93492,0
4,1,4,0,4,0.86325,0
4,1,4,1,0,0.45388,0
4,1,4,1,1,0.61487,0
4,1,4,1,2,0.44411,0
4,1,4,1,3,0.64302,0
4,1,4,1,4,0.07380,0
4,1,4,2,0,0.53985,11
4,1,4,2,1,0.34088,0
4,1,4,2,2,0.37127,33
4,1,4,2,3,0.36148,0
4,1,4,2,4,0.45274,5
4,1,4,3,0,0.48139,0
4,1,4,3,1,0.17052,0
4,1,4,3,2,0.72211,0
4,1,4,3,3,0.53516,0
4,1,4,3,4,0.71661,0
4,1,4,4,0,0.61332,0
4,1,4,4,1,0.23105,0
4,1,4,4,2,0.50991,0
4,1,4,4,3,0.66701,0
4,1,4,4,4,0.49037,0
4,2,0,0,0,0.38048,1
4,2,0,0,1,0.24915,0
4,2,0,0,2,0.69160,13
4,2,0,0,3,0.11058,1
4,2,0,0,4,0.37235,1
4,2,0,1,0,0.88859,306
4,2,0,1,1,0.29005,1
4,2,0,1,2,0.26115,0
4,2,0,1,3,0.51991,61
4,2,0,1,4,0.40044,0
4,2,0,2,0,0.29773,6
4,2,0,2,1,0.23937,1
4,2,0,2,2,0.33016,3
4,2,0,2,3,0.34665,6
4,2,0,2,4,0.48178,59
4,2,0,3,0,0.86120,0
4,2,0,3,1,0.62368,0
4,2,0,3,2,0.51371,0
4,2,0,3,3,0.24010,0
4,2,0,3,4,0.50151,0
4,2,0,4,0,0.06904,0
4,2,0,4,1,0.93943,0
4,2,0,4,2,0.89185,0
4,2,0,4,3,0.92086,0
4,2,0,4,4,0.36926,0
4,2,1,0,0,0.59847,76
4,2,1,0,1,0.46238,66
4,2,1,0,2,0.49590,41
4,2,1,0,3,0.37587,1
4,2,1,0,4,0.77734,163
4,2,1,1,0,1.62653,18902
4,2,1,1,1,0.42268,233
4,2,1,1,2,0.26890,42
4,2,1,1,3,0.27069,78
4,2,1,1,4,0.60526,95
4,2,1,2,0,1.48493,6271
4,2,1,2,1,-0.05958,9
4,2,1,2,2,0.06646,1
4,2,1,2,3,0.07088,176
4,2,1,2,4,0.16409,13
4,2,1,3,0,0.32887,0
4,2,1,3,1,0.46383,0
4,2,1,3,2,0.11877,0
4,2,1,3,3,0.54464,0
4,2,1,3,4,0.63730,0
4,2,1,4,0,0.36522,0
4,2,1,4,1,0.61799,0
4,2,1,4,2,0.22463,0
4,2,1,4,3,0.36279,0
4,2,1,4,4,0.30456,0
4,2,2,0,0,0.65366,436
4,2,2,0,1,0.30047,8
4,2,2,0,2,0.30093,50
4,2,2,0,3,0.05032,1
4,2,2,0,4,0.16851,2
4,2,2,1,0,0.80734,22077
4,2,2,1,1,0.05344,90
4,2,2,1,2,0.12142,124
4,2,2,1,3,0.11499,969
4,2,2,1,4,0.15247,229
4,2,2,2,0,0.77725,10461
4,2,2,2,1,-0.14547,69
4,2,2,2,2,-0.03529,27
4,2,2,2,3,-0.02449,94
4,2,2,2,4,0.08398,83
4,2,2,3,0,0.73549,0
4,2,2,3,1,0.44133,0
4,2,2,3,2,0.90309,0
4,2,2,3,3,0.56083,0
4,2,2,3,4,0.55920,0
4,2,2,4,0,0.72004,0
4,2,2,4,1,0.41607,0
4,2,2,4,2,0.55802,0
4,2,2,4,3,0.62661,0
4,2,2,4,4,0.10633,0
4,2,3,0,0,0.81594,8
4,2,3,0,1,0.38710,0
4,2,3,0,2,0.15711,0
4,2,3,0,3,0.45069,0
4,2,3,0,4,0.79266,0
4,2,3,1,0,-0.04918,98
4,2,3,1,1,0.06526,158
4,2,3,1,2,0.06574,220
4,2,3,1,3,-0.10115,120
4,2,3,1,4,0.26801,225
4,2,3,2,0,0.12838,3501
4,2,3,2,1,-0.11319,59
4,2,3,2,2,-0.20770,108
4,2,3,2,3,-0.13606,172
4,2,3,2,4,-0.31619,244
4,2,3,3,0,0.86201,0
4,2,3,3,1,0.10107,0
4,2,3,3,2,0.14686,0
4,2,3,3,3,0.19933,0
4,2,3,3,4,0.15518,0
4,2,3,4,0,0.80225,0
4,2,3,4,1,0.09227,0
4,2,3,4,2,0.19864,0
4,2,3,4,3,0.13171,0
4,2,3,4,4,0.71319,0
4,2,4,0,0,0.78112,0
4,2,4,0,1,0.87126,0
4,2,4,0,2,0.66941,0
4,2,4,0,3,0.22700,0
4,2,4,0,4,0.77831,0
4,2,4,1,0,0.68666,6
4,2,4,1,1,0.31750,0
4,2,4,1,2,0.66291,2
4,2,4,1,3,0.06468,0
4,2,4,1,4,0.54916,0
4,2,4,2,0,-0.02687,75
4,2,4,2,1,0.10134,113
4,2,4,2,2,-0.07026,26
4,2,4,2,3,-0.08404,84
4,2,4,2,4,-0.02048,48
4,2,4,3,0,0.21095,0
4,2,4,3,1,0.42860,0
4,2,4,3,2,0.37135,0
4,2,4,3,3,0.11672,0
4,2,4,3,4,0.22963,0
4,2,4,4,0,0.54446,0
4,2,4,4,1,0.16597,0
4,2,4,4,2,0.60875,0
4,2,4,4,3,0.34869,0
4,2,4,4,4,0.49182,0
4,3,0,0,0,0.57926,6
4,3,0,0,1,0.52741,2
4,3,0,0,2,0.53231,57
4,3,0,0,3,0.51933,4
4,3,0,0,4,0.33229,1
4,3,0,1,0,1.04278,575
4,3,0,1,1,0.51140,323
4,3,0,1,2,0.53766,51
4,3,0,1,3,0.37965,137
4,3,0,1,4,0.45174,38
4,3,0,2,0,0.59266,10
4,3,0,2,1,0.24448,32
4,3,0,2,2,0.93095,304
4,3,0,2,3,0.19692,88
4,3,0,2,4,0.17659,1
4,3,0,3,0,0.98755,0
4,3,0,3,1,0.10747,0
4,3,0,3,2,0.59620,0
4,3,0,3,3,0.00540,0
4,3,0,3,4,0.32655,0
4,3,0,4,0,0.40920,0
4,3,0,4,1,0.28892,0
4,3,0,4,2,0.32896,0
4,3,0,4,3,0.13583,0
4,3,0,4,4,0.49239,0
4,3,1,0,0,0.48427,254
4,3,1,0,1,0.24693,0
4,3,1,0,2,0.37488,385
4,3,1,0,3,0.37524,91
4,3,1,0,4,0.59406,187
4,3,1,1,0,0.88160,20237
4,3,1,1,1,0.38138,133
4,3,1,1,2,0.35440,343
4,3,1,1,3,0.17122,30
4,3,1,1,4,0.51060,308
4,3,1,2,0,0.73616,7194
4,3,1,2,1,-0.05814,51
4,3,1,2,2,0.09985,166
4,3,1,2,3,0.19446,169
4,3,1,2,4,0.05044,31
4,3,1,3,0,0.52058,0
4,3,1,3,1,0.00630,0
4,3,1,3,2,0.98956,0
4,3,1,3,3,0.03126,0
4,3,1,3,4,0.33021,0
4,3,1,4,0,0.65544,0
4,3,1,4,1,0.45669,0
4,3,1,4,2,0.70833,0
4,3,1,4,3,0.09157,0
4,3,1,4,4,0.61642,0
4,3,2,0,0,0.21488,166
4,3,2,0,1,0.07925,0
4,3,2,0,2,0.24636,120
4,3,2,0,3,0.39608,107
4,3,2,0,4,0.24582,2
4,3,2,1,0,0.20913,26636
4,3,2,1,1,0.02368,76
4,3,2,1,2,0.00717,846
4,3,2,1,3,-0.06650,228
4,3,2,1,4,0.04602,125
4,3,2,2,0,0.16004,11708
4,3,2,2,1,-0.13500,150
4,3,2,2,2,-0.09322,174
4,3,2,2,3,-0.13354,164
4,3,2,2,4,-0.08743,41
4,3,2,3,0,0.76695,0
4,3,2,3,1,0.60377,0
4,3,2,3,2,0.07611,0
4,3,2,3,3,0.02085,0
4,3,2,3,4,0.36702,0
4,3,2,4,0,0.47131,0
4,3,2,4,1,0.50211,0
4,3,2,4,2,0.16534,0
4,3,2,4,3,0.28650,0
4,3,2,4,4,0.89079,0
4,3,3,0,0,0.20356,0
4,3,3,0,1,0.94822,0
4,3,3,0,2,0.83424,0
4,3,3,0,3,0.03545,0
4,3,3,0,4,0.53535,0
4,3,3,1,0,0.06428,617
4,3,3,1,1,-0.10942,536
4,3,3,1,2,-0.07140,123
4,3,3,1,3,0.13499,509
4,3,3,1,4,-0.03943,166
4,3,3,2,0,-0.03512,5946
4,3,3,2,1,-0.22273,148
4,3,3,2,2,-0.23878,735
4,3,3,2,3,-0.38553,398
4,3,3,2,4,-0.24311,7
4,3,3,3,0,0.75315,0
4,3,3,3,1,0.23335,0
4,3,3,3,2,0.74777,0
4,3,3,3,3,0.43633,0
4,3,3,3,4,0.57907,0
4,3,3,4,0,0.93806,0
4,3,3,4,1,0.80216,0
4,3,3,4,2,0.86336,0
4,3,3,4,3,0.24505,0
4,3,3,4,4,0.13798,0
4,3,4,0,0,0.66161,0
4,3,4,0,1,0.04322,0
4,3,4,0,2,0.90372,0
4,3,4,0,3,0.57168,0
4,3,4,0,4,0.13803,0
4,3,4,1,0,0.77969,1
4,3,4,1,1,0.66878,0
4,3,4,1,2,0.12479,0
4,3,4,1,3,0.78224,1
4,3,4,1,4,0.86621,3
4,3,4,2,0,-0.15770,807
4,3,4,2,1,-0.25667,84
4,3,4,2,2,-0.32311,13
4,3,4,2,3,-0.26273,225
4,3,4,2,4,-0.28155,87
4,3,4,3,0,0.88593,0
4,3,4,3,1,0.93714,0
4,3,4,3,2,0.42042,0
4,3,4,3,3,0.02700,0
4,3,4,3,4,0.02201,0
4,3,4,4,0,0.63474,0
4,3,4,4,1,0.63948,0
4,3,4,4,2,0.45114,0
4,3,4,4,3,0.72804,0
4,3,4,4,4,0.31845,0
4,4,0,0,0,0.22618,110
4,4,0,0,1,0.22196,95
4,4,0,0,2,0.22598,138
4,4,0,0,3,0.23890,133
4,4,0,0,4,0.22529,136
4,4,0,1,0,0.38562,4720
4,4,0,1,1,0.38247,453
4,4,0,1,2,0.24523,59
4,4,0,1,3,0.22581,68
4,4,0,1,4,0.21538,23
4,4,0,2,0,0.44590,1522
4,4,0,2,1,0.23861,118
4,4,0,2,2,0.01392,28
4,4,0,2,3,0.08968,71
4,4,0,2,4,0.12767,19
4,4,0,3,0,0.09271,0
4,4,0,3,1,0.15057,0
4,4,0,3,2,0.09163,0
4,4,0,3,3,0.39264,0
4,4,0,3,4,0.56517,0
4,4,0,4,0,0.37333,0
4,4,0,4,1,0.23393,0
4,4,0,4,2,0.92291,0
4,4,0,4,3,0.95951,0
4,4,0,4,4,0.11927,0
4,4,1,0,0,0.37784,3304
4,4,1,0,1,0.27875,369
4,4,1,0,2,0.12157,144
4,4,1,0,3,0.18214,708
4,4,1,0,4,0.12309,181
4,4,1,1,0,0.40435,41412
4,4,1,1,1,0.21672,1867
4,4,1,1,2,0.00142,794
4,4,1,1,3,0.07940,957
4,4,1,1,4,-0.11272,203
4,4,1,2,0,0.63030,15172
4,4,1,2,1,0.25519,335
4,4,1,2,2,0.06119,137
4,4,1,2,3,0.04329,102
4,4,1,2,4,-0.02401,72
4,4,1,3,0,0.77883,0
4,4,1,3,1,0.10374,0
4,4,1,3,2,0.17538,0
4,4,1,3,3,0.39821,0
4,4,1,3,4,0.80980,0
4,4,1,4,0,0.29385,0
4,4,1,4,1,0.62996,0
4,4,1,4,2,0.97127,0
4,4,1,4,3,0.99534,0
4,4,1,4,4,0.29293,0
4,4,2,0,0,0.10792,97
4,4,2,0,1,0.14069,310
4,4,2,0,2,0.08187,386
4,4,2,0,3,0.24195,468
4,4,2,0,4,0.03426,3
4,4,2,1,0,0.05277,72026
4,4,2,1,1,0.09681,1559
4,4,2,1,2,-0.21869,531
4,4,2,1,3,-0.16826,562
4,4,2,1,4,-0.14372,224
4,4,2,2,0,-0.00936,34051
4,4,2,2,1,-0.00519,436
4,4,2,2,2,-0.18766,152
4,4,2,2,3,-0.22017,146
4,4,2,2,4,-0.20866,53
4,4,2,3,0,0.38008,0
4,4,2,3,1,0.10710,0
4,4,2,3,2,0.19106,0
4,4,2,3,3,0.97626,0
4,4,2,3,4,0.36174,0
4,4,2,4,0,0.67808,0
4,4,2,4,1,0.28483,0
4,4,2,4,2,0.23083,0
4,4,2,4,3,0.04393,0
4,4,2,4,4,0.06930,0
4,4,3,0,0,0.40354,6
4,4,3,0,1,0.37329,5
4,4,3,0,2,0.39309,1
4,4,3,0,3,0.37943,6
4,4,3,0,4,0.38943,12
4,4,3,1,0,-0.05470,7159
4,4,3,1,1,-0.08548,1205
4,4,3,1,2,-0.15106,747
4,4,3,1,3,-0.03409,1506
4,4,3,1,4,-0.13458,82
4,4,3,2,0,-0.05936,30259
4,4,3,2,1,-0.33703,211
4,4,3,2,2,-0.37150,1712
4,4,3,2,3,-0.40764,167
4,4,3,2,4,-0.43243,341
4,4,3,3,0,0.64653,0
4,4,3,3,1,0.37841,0
4,4,3,3,2,0.40667,0
4,4,3,3,3,0.47896,0
4,4,3,3,4,0.47949,0
4,4,3,4,0,0.20361,0
4,4,3,4,1,0.25321,0
4,4,3,4,2,0.05837,0
4,4,3,4,3,0.69840,0
4,4,3,4,4,0.43305,0
4,4,4,0,0,0.31132,0
4,4,4,0,1,0.69049,0
4,4,4,0,2,0.17492,0
4,4,4,0,3,0.00475,0
4,4,4,0,4,0.01229,0
4,4,4,1,0,0.53798,27
4,4,4,1,1,0.53048,4
4,4,4,1,2,0.39496,0
4,4,4,1,3,0.48811,4
4,4,4,1,4,0.18066,1
4,4,4,2,0,0.00245,5650
4,4,4,2,1,-0.30590,45
4,4,4,2,2,-0.35969,68
4,4,4,2,3,-0.29158,84
4,4,4,2,4,-0.39388,88
4,4,4,3,0,0.98132,0
4,4,4,3,1,0.69611,0
4,4,4,3,2,0.74912,0
4,4,4,3,3,0.23005,0
4,4,4,3,4,0.04323,0
4,4,4,4,0,0.57960,0
4,4,4,4,1,0.20924,4970
4,4,4,4,2,0.09254,0
4,4,4,4,3,0.31611,0
4,4,4,4,4,0.67317,0
