3125
5
0,0,0,0,0,0.90196,0
0,0,0,0,1,0.75176,0
0,0,0,0,2,0.52707,0
0,0,0,0,3,0.94538,0
0,0,0,0,4,0.12105,0
0,0,0,1,0,0.40111,0
0,0,0,1,1,0.29870,0
0,0,0,1,2,0.06045,0
0,0,0,1,3,0.17547,0
0,0,0,1,4,0.60618,0
0,0,0,2,0,0.95869,0
0,0,0,2,1,0.65679,0
0,0,0,2,2,0.35273,0
0,0,0,2,3,0.26245,0
0,0,0,2,4,0.26756,0
0,0,0,3,0,0.42339,0
0,0,0,3,1,0.52116,0
0,0,0,3,2,0.03748,0
0,0,0,3,3,0.15395,0
0,0,0,3,4,0.47220,0
0,0,0,4,0,0.68003,0
0,0,0,4,1,0.78100,0
0,0,0,4,2,0.71514,0
0,0,0,4,3,0.08433,0
0,0,0,4,4,0.40243,0
0,0,1,0,0,0.40049,0
0,0,1,0,1,0.44175,0
0,0,1,0,2,0.03625,0
0,0,1,0,3,0.17883,0
0,0,1,0,4,0.77836,0
0,0,1,1,0,0.57141,0
0,0,1,1,1,0.51453,0
0,0,1,1,2,0.18940,0
0,0,1,1,3,0.46057,0
0,0,1,1,4,0.07466,0
0,0,1,2,0,0.98410,0
0,0,1,2,1,0.96012,0
0,0,1,2,2,0.65577,0
0,0,1,2,3,0.28128,0
0,0,1,2,4,0.88739,0
0,0,1,3,0,0.69069,0
0,0,1,3,1,0.54995,0
0,0,1,3,2,0.56652,0
0,0,1,3,3,0.72110,0
0,0,1,3,4,0.78151,0
0,0,1,4,0,0.06396,0
0,0,1,4,1,0.83373,0
0,0,1,4,2,0.86232,0
0,0,1,4,3,0.23239,0
0,0,1,4,4,0.95902,0
0,0,2,0,0,0.75401,0
0,0,2,0,1,0.49703,0
0,0,2,0,2,0.13761,0
0,0,2,0,3,0.63037,0
0,0,2,0,4,0.85285,0
0,0,2,1,0,0.14198,0
0,0,2,1,1,0.45990,0
0,0,2,1,2,0.01996,0
0,0,2,1,3,0.57043,0
0,0,2,1,4,0.54476,0
0,0,2,2,0,0.62989,0
0,0,2,2,1,0.82582,0
0,0,2,2,2,0.36399,0
0,0,2,2,3,0.19709,0
0,0,2,2,4,0.28865,0
0,0,2,3,0,0.58959,0
0,0,2,3,1,0.77001,0
0,0,2,3,2,0.30264,0
0,0,2,3,3,0.66704,0
0,0,2,3,4,0.30276,0
0,0,2,4,0,0.09823,0
0,0,2,4,1,0.80379,0
0,0,2,4,2,0.67924,0
0,0,2,4,3,0.88842,0
0,0,2,4,4,0.09096,0
0,0,3,0,0,0.99021,0
0,0,3,0,1,0.79645,0
0,0,3,0,2,0.28698,0
0,0,3,0,3,0.44860,0
0,0,3,0,4,0.28768,0
0,0,3,1,0,0.16293,0
0,0,3,1,1,0.90304,0
0,0,3,1,2,0.59559,0
0,0,3,1,3,0.05684,0
0,0,3,1,4,0.21761,0
0,0,3,2,0,0.66375,20
0,0,3,2,1,0.44124,0
0,0,3,2,2,0.61932,0
0,0,3,2,3,0.29319,0
0,0,3,2,4,0.71837,12
0,0,3,3,0,0.17582,0
0,0,3,3,1,0.27267,0
0,0,3,3,2,0.27827,0
0,0,3,3,3,0.17834,0
0,0,3,3,4,0.33473,0
0,0,3,4,0,0.75560,0
0,0,3,4,1,0.44915,0
0,0,3,4,2,0.12000,0
0,0,3,4,3,0.46223,0
0,0,3,4,4,0.48158,0
0,0,4,0,0,0.00413,0
0,0,4,0,1,0.06930,0
0,0,4,0,2,0.71101,0
0,0,4,0,3,0.87159,0
0,0,4,0,4,0.66669,0
0,0,4,1,0,0.52407,0
0,0,4,1,1,0.62511,0
0,0,4,1,2,0.28555,0
0,0,4,1,3,0.96274,0
0,0,4,1,4,0.40582,0
0,0,4,2,0,0.17107,0
0,0,4,2,1,0.37737,0
0,0,4,2,2,0.42292,0
0,0,4,2,3,0.60770,0
0,0,4,2,4,0.57505,27
0,0,4,3,0,0.17999,0
0,0,4,3,1,0.01255,0
0,0,4,3,2,0.27195,0
0,0,4,3,3,0.99873,0
0,0,4,3,4,0.86426,0
0,0,4,4,0,0.54993,0
0,0,4,4,1,0.93104,0
0,0,4,4,2,0.16560,0
0,0,4,4,3,0.90970,0
0,0,4,4,4,0.73780,0
0,1,0,0,0,0.89329,0
0,1,0,0,1,0.40576,0
0,1,0,0,2,0.37526,0
0,1,0,0,3,0.70351,0
0,1,0,0,4,0.15749,0
0,1,0,1,0,0.79364,0
0,1,0,1,1,0.06471,0
0,1,0,1,2,0.61998,0
0,1,0,1,3,0.70027,0
0,1,0,1,4,0.22162,0
0,1,0,2,0,0.64387,0
0,1,0,2,1,0.06262,0
0,1,0,2,2,0.19604,0
0,1,0,2,3,0.95692,0
0,1,0,2,4,0.18591,0
0,1,0,3,0,0.24677,0
0,1,0,3,1,0.10124,0
0,1,0,3,2,0.14122,0
0,1,0,3,3,0.19620,0
0,1,0,3,4,0.18545,0
0,1,0,4,0,0.56309,0
0,1,0,4,1,0.43572,0
0,1,0,4,2,0.89957,0
0,1,0,4,3,0.10920,0
0,1,0,4,4,0.79736,0
0,1,1,0,0,0.89376,0
0,1,1,0,1,0.46050,0
0,1,1,0,2,0.19779,0
0,1,1,0,3,0.42091,0
0,1,1,0,4,0.92989,0
0,1,1,1,0,0.85071,0
0,1,1,1,1,0.78766,0
0,1,1,1,2,0.72131,0
0,1,1,1,3,1.02730,2
0,1,1,1,4,0.27905,0
0,1,1,2,0,0.73956,0
0,1,1,2,1,0.73456,26
0,1,1,2,2,0.75223,3
0,1,1,2,3,0.45451,0
0,1,1,2,4,0.57782,0
0,1,1,3,0,0.93188,0
0,1,1,3,1,0.60405,0
0,1,1,3,2,0.46660,0
0,1,1,3,3,0.34517,0
0,1,1,3,4,0.36001,0
0,1,1,4,0,0.45685,0
0,1,1,4,1,0.73547,0
0,1,1,4,2,0.85699,0
0,1,1,4,3,0.04652,0
0,1,1,4,4,0.62430,0
0,1,2,0,0,0.31011,0
0,1,2,0,1,0.18362,0
0,1,2,0,2,0.70361,0
0,1,2,0,3,0.66208,0
0,1,2,0,4,0.77383,0
0,1,2,1,0,0.74067,5
0,1,2,1,1,0.04369,0
0,1,2,1,2,0.70119,0
0,1,2,1,3,0.15422,0
0,1,2,1,4,0.33403,0
0,1,2,2,0,0.68796,0
0,1,2,2,1,0.85396,0
0,1,2,2,2,0.52872,0
0,1,2,2,3,0.83822,0
0,1,2,2,4,0.51736,0
0,1,2,3,0,0.44074,0
0,1,2,3,1,0.46696,0
0,1,2,3,2,0.02245,0
0,1,2,3,3,0.45331,0
0,1,2,3,4,0.61075,0
0,1,2,4,0,0.05765,0
0,1,2,4,1,0.13384,0
0,1,2,4,2,0.71530,0
0,1,2,4,3,0.68566,0
0,1,2,4,4,0.03039,0
0,1,3,0,0,0.49561,0
0,1,3,0,1,0.31811,0
0,1,3,0,2,0.21562,0
0,1,3,0,3,0.40181,0
0,1,3,0,4,0.33465,0
0,1,3,1,0,0.84702,4
0,1,3,1,1,0.30461,0
0,1,3,1,2,0.15048,0
0,1,3,1,3,0.45762,0
0,1,3,1,4,0.35039,0
0,1,3,2,0,0.23602,0
0,1,3,2,1,0.65673,0
0,1,3,2,2,0.19563,0
0,1,3,2,3,0.16909,0
0,1,3,2,4,0.75691,4
0,1,3,3,0,0.03091,0
0,1,3,3,1,0.24507,0
0,1,3,3,2,0.27186,0
0,1,3,3,3,0.08088,0
0,1,3,3,4,0.99785,0
0,1,3,4,0,0.64685,0
0,1,3,4,1,0.90192,0
0,1,3,4,2,0.40931,0
0,1,3,4,3,0.70528,0
0,1,3,4,4,0.16666,0
0,1,4,0,0,0.40197,0
0,1,4,0,1,0.77402,0
0,1,4,0,2,0.68050,0
0,1,4,0,3,0.76549,0
0,1,4,0,4,0.69029,0
0,1,4,1,0,0.37871,0
0,1,4,1,1,0.17229,0
0,1,4,1,2,0.68292,0
0,1,4,1,3,0.59874,0
0,1,4,1,4,0.43188,0
0,1,4,2,0,0.28388,0
0,1,4,2,1,0.71040,18
0,1,4,2,2,0.70513,14
0,1,4,2,3,0.68347,14
0,1,4,2,4,0.62832,0
0,1,4,3,0,0.35179,0
0,1,4,3,1,0.40363,0
0,1,4,3,2,0.18396,0
0,1,4,3,3,0.71845,0
0,1,4,3,4,0.45991,0
0,1,4,4,0,0.97582,0
0,1,4,4,1,0.27361,0
0,1,4,4,2,0.94209,0
0,1,4,4,3,0.71606,0
0,1,4,4,4,0.84725,0
0,2,0,0,0,0.52429,0
0,2,0,0,1,0.76640,0
0,2,0,0,2,0.28376,0
0,2,0,0,3,0.17208,0
0,2,0,0,4,0.57532,0
0,2,0,1,0,0.76584,0
0,2,0,1,1,0.55817,0
0,2,0,1,2,0.62315,0
0,2,0,1,3,0.33207,0
0,2,0,1,4,0.17468,0
0,2,0,2,0,0.44983,0
0,2,0,2,1,0.90881,0
0,2,0,2,2,0.16172,0
0,2,0,2,3,0.92749,0
0,2,0,2,4,0.19833,0
0,2,0,3,0,0.58651,0
0,2,0,3,1,0.04988,0
0,2,0,3,2,0.57007,0
0,2,0,3,3,0.01652,0
0,2,0,3,4,0.51121,0
0,2,0,4,0,0.60334,0
0,2,0,4,1,0.99857,0
0,2,0,4,2,0.76171,0
0,2,0,4,3,0.78502,0
0,2,0,4,4,0.75770,0
0,2,1,0,0,0.71589,0
0,2,1,0,1,0.13151,0
0,2,1,0,2,0.25897,0
0,2,1,0,3,0.92854,0
0,2,1,0,4,0.18211,0
0,2,1,1,0,0.56192,5
0,2,1,1,1,0.47867,0
0,2,1,1,2,0.13101,0
0,2,1,1,3,0.53820,43
0,2,1,1,4,0.34779,0
0,2,1,2,0,0.46269,0
0,2,1,2,1,0.28493,0
0,2,1,2,2,0.68356,24
0,2,1,2,3,0.22643,0
0,2,1,2,4,0.73825,15
0,2,1,3,0,0.52131,0
0,2,1,3,1,0.33250,0
0,2,1,3,2,0.19182,0
0,2,1,3,3,0.80870,0
0,2,1,3,4,0.81100,0
0,2,1,4,0,0.83114,0
0,2,1,4,1,0.63993,0
0,2,1,4,2,0.40210,0
0,2,1,4,3,0.64722,0
0,2,1,4,4,0.24616,0
0,2,2,0,0,0.28488,0
0,2,2,0,1,0.55422,0
0,2,2,0,2,0.83134,0
0,2,2,0,3,0.97437,0
0,2,2,0,4,0.63125,0
0,2,2,1,0,0.13009,0
0,2,2,1,1,0.49836,16
0,2,2,1,2,0.46063,3
0,2,2,1,3,0.50951,7
0,2,2,1,4,0.40502,0
0,2,2,2,0,0.73867,0
0,2,2,2,1,0.41482,0
0,2,2,2,2,0.57969,0
0,2,2,2,3,0.12541,0
0,2,2,2,4,0.39381,0
0,2,2,3,0,0.25374,0
0,2,2,3,1,0.43223,0
0,2,2,3,2,0.15749,0
0,2,2,3,3,0.17597,0
0,2,2,3,4,0.65422,0
0,2,2,4,0,0.96648,0
0,2,2,4,1,0.11761,0
0,2,2,4,2,0.57258,0
0,2,2,4,3,0.03251,0
0,2,2,4,4,0.80264,0
0,2,3,0,0,0.43726,0
0,2,3,0,1,0.38202,0
0,2,3,0,2,0.47005,0
0,2,3,0,3,0.34722,0
0,2,3,0,4,0.03215,0
0,2,3,1,0,0.57250,0
0,2,3,1,1,0.05334,0
0,2,3,1,2,0.48060,0
0,2,3,1,3,0.11627,0
0,2,3,1,4,0.74880,4
0,2,3,2,0,0.15656,1
0,2,3,2,1,0.69965,0
0,2,3,2,2,0.73063,0
0,2,3,2,3,0.36775,0
0,2,3,2,4,0.82683,3
0,2,3,3,0,0.29149,0
0,2,3,3,1,0.24052,0
0,2,3,3,2,0.40773,0
0,2,3,3,3,0.85043,0
0,2,3,3,4,0.32247,0
0,2,3,4,0,0.39641,0
0,2,3,4,1,0.11406,0
0,2,3,4,2,0.25695,0
0,2,3,4,3,0.84070,0
0,2,3,4,4,0.55025,0
0,2,4,0,0,0.09683,0
0,2,4,0,1,0.70674,0
0,2,4,0,2,0.71103,0
0,2,4,0,3,0.27254,0
0,2,4,0,4,0.78629,0
0,2,4,1,0,0.63500,0
0,2,4,1,1,0.92804,0
0,2,4,1,2,0.92493,0
0,2,4,1,3,0.44092,0
0,2,4,1,4,0.28448,0
0,2,4,2,0,0.08569,0
0,2,4,2,1,0.70912,0
0,2,4,2,2,0.33302,0
0,2,4,2,3,0.69626,0
0,2,4,2,4,0.91374,1
0,2,4,3,0,0.33470,0
0,2,4,3,1,0.48914,0
0,2,4,3,2,0.32152,0
0,2,4,3,3,0.49858,0
0,2,4,3,4,0.72702,0
0,2,4,4,0,0.08622,0
0,2,4,4,1,0.37292,0
0,2,4,4,2,0.64094,0
0,2,4,4,3,0.13069,0
0,2,4,4,4,0.23458,0
0,3,0,0,0,0.67221,0
0,3,0,0,1,0.69463,0
0,3,0,0,2,0.55515,0
0,3,0,0,3,0.41442,0
0,3,0,0,4,0.54442,0
0,3,0,1,0,0.55288,0
0,3,0,1,1,0.75589,0
0,3,0,1,2,0.27547,0
0,3,0,1,3,0.25937,0
0,3,0,1,4,0.15250,0
0,3,0,2,0,0.79048,3
0,3,0,2,1,0.82081,2
0,3,0,2,2,0.62752,0
0,3,0,2,3,0.32664,0
0,3,0,2,4,0.20888,0
0,3,0,3,0,0.54590,0
0,3,0,3,1,0.61990,0
0,3,0,3,2,0.98137,0
0,3,0,3,3,0.54121,0
0,3,0,3,4,0.23252,0
0,3,0,4,0,0.30099,0
0,3,0,4,1,0.05309,0
0,3,0,4,2,0.84230,0
0,3,0,4,3,0.22956,0
0,3,0,4,4,0.93835,0
0,3,1,0,0,0.59924,0
0,3,1,0,1,0.55068,0
0,3,1,0,2,0.44519,0
0,3,1,0,3,0.88435,0
0,3,1,0,4,0.67649,0
0,3,1,1,0,0.32808,0
0,3,1,1,1,0.21966,0
0,3,1,1,2,0.71325,0
0,3,1,1,3,0.36858,0
0,3,1,1,4,0.77451,0
0,3,1,2,0,0.12395,2
0,3,1,2,1,0.14031,0
0,3,1,2,2,0.44040,0
0,3,1,2,3,0.79766,4
0,3,1,2,4,0.73831,0
0,3,1,3,0,0.45054,0
0,3,1,3,1,0.61511,0
0,3,1,3,2,0.10258,0
0,3,1,3,3,0.45196,0
0,3,1,3,4,0.52035,0
0,3,1,4,0,0.39826,0
0,3,1,4,1,0.00669,0
0,3,1,4,2,0.97870,0
0,3,1,4,3,0.02872,0
0,3,1,4,4,0.70543,0
0,3,2,0,0,0.39221,0
0,3,2,0,1,0.25879,0
0,3,2,0,2,0.12304,0
0,3,2,0,3,0.28956,0
0,3,2,0,4,0.55346,0
0,3,2,1,0,0.88329,0
0,3,2,1,1,0.63015,0
0,3,2,1,2,0.10938,0
0,3,2,1,3,0.61639,0
0,3,2,1,4,0.82620,0
0,3,2,2,0,0.82969,4
0,3,2,2,1,0.33231,0
0,3,2,2,2,0.57118,0
0,3,2,2,3,0.42137,0
0,3,2,2,4,0.38323,0
0,3,2,3,0,0.62289,0
0,3,2,3,1,0.64167,0
0,3,2,3,2,0.67895,0
0,3,2,3,3,0.77100,0
0,3,2,3,4,0.73263,0
0,3,2,4,0,0.38803,0
0,3,2,4,1,0.97919,0
0,3,2,4,2,0.10974,0
0,3,2,4,3,0.17694,0
0,3,2,4,4,0.34285,0
0,3,3,0,0,0.02952,0
0,3,3,0,1,0.99206,0
0,3,3,0,2,0.96221,0
0,3,3,0,3,0.03994,0
0,3,3,0,4,0.72603,0
0,3,3,1,0,0.82209,0
0,3,3,1,1,0.90871,0
0,3,3,1,2,0.01142,0
0,3,3,1,3,0.22147,0
0,3,3,1,4,0.50537,0
0,3,3,2,0,0.10444,0
0,3,3,2,1,0.59017,14
0,3,3,2,2,0.06937,0
0,3,3,2,3,0.57611,32
0,3,3,2,4,0.42043,0
0,3,3,3,0,0.26470,0
0,3,3,3,1,0.78731,0
0,3,3,3,2,0.33138,0
0,3,3,3,3,0.81996,0
0,3,3,3,4,0.93307,0
0,3,3,4,0,0.56258,0
0,3,3,4,1,0.84520,0
0,3,3,4,2,0.40184,0
0,3,3,4,3,0.91299,0
0,3,3,4,4,0.10926,0
0,3,4,0,0,0.44805,0
0,3,4,0,1,0.73250,0
0,3,4,0,2,0.85036,0
0,3,4,0,3,0.87834,0
0,3,4,0,4,0.74681,0
0,3,4,1,0,0.04201,0
0,3,4,1,1,0.49135,0
0,3,4,1,2,0.85600,5
0,3,4,1,3,0.28496,0
0,3,4,1,4,0.28566,0
0,3,4,2,0,0.50786,0
0,3,4,2,1,0.71103,0
0,3,4,2,2,0.68591,19
0,3,4,2,3,0.71771,21
0,3,4,2,4,0.41347,0
0,3,4,3,0,0.13965,0
0,3,4,3,1,0.08641,0
0,3,4,3,2,0.37151,0
0,3,4,3,3,0.11893,0
0,3,4,3,4,0.72143,0
0,3,4,4,0,0.50401,0
0,3,4,4,1,0.20452,0
0,3,4,4,2,0.95434,0
0,3,4,4,3,0.76330,0
0,3,4,4,4,0.66301,0
0,4,0,0,0,0.28178,0
0,4,0,0,1,0.92005,0
0,4,0,0,2,0.88706,0
0,4,0,0,3,0.44227,0
0,4,0,0,4,0.62502,0
0,4,0,1,0,0.51888,0
0,4,0,1,1,0.82739,0
0,4,0,1,2,0.30125,0
0,4,0,1,3,0.78235,0
0,4,0,1,4,0.76944,0
0,4,0,2,0,0.79836,5
0,4,0,2,1,0.76890,2
0,4,0,2,2,0.16233,0
0,4,0,2,3,0.82841,4
0,4,0,2,4,0.66578,1
0,4,0,3,0,0.85066,0
0,4,0,3,1,0.36193,0
0,4,0,3,2,0.81096,0
0,4,0,3,3,0.27470,0
0,4,0,3,4,0.66113,0
0,4,0,4,0,0.61230,0
0,4,0,4,1,0.50829,0
0,4,0,4,2,0.87964,0
0,4,0,4,3,0.25806,0
0,4,0,4,4,0.95561,0
0,4,1,0,0,0.78525,0
0,4,1,0,1,0.88166,0
0,4,1,0,2,0.66728,0
0,4,1,0,3,0.66157,0
0,4,1,0,4,0.70454,0
0,4,1,1,0,0.08441,1
0,4,1,1,1,0.06836,0
0,4,1,1,2,0.69415,0
0,4,1,1,3,0.77375,8
0,4,1,1,4,0.26591,0
0,4,1,2,0,0.37445,0
0,4,1,2,1,0.74690,0
0,4,1,2,2,0.75343,6
0,4,1,2,3,0.50300,0
0,4,1,2,4,0.66160,0
0,4,1,3,0,0.47969,0
0,4,1,3,1,0.78298,0
0,4,1,3,2,0.36787,0
0,4,1,3,3,0.08124,0
0,4,1,3,4,0.11001,0
0,4,1,4,0,0.43570,0
0,4,1,4,1,0.52277,0
0,4,1,4,2,0.24556,0
0,4,1,4,3,0.43879,0
0,4,1,4,4,0.52467,0
0,4,2,0,0,0.90734,0
0,4,2,0,1,0.58848,0
0,4,2,0,2,0.72391,0
0,4,2,0,3,0.98090,0
0,4,2,0,4,0.04260,0
0,4,2,1,0,0.81926,4
0,4,2,1,1,0.55341,0
0,4,2,1,2,0.60146,0
0,4,2,1,3,0.74471,0
0,4,2,1,4,0.84647,0
0,4,2,2,0,0.01637,0
0,4,2,2,1,0.78748,0
0,4,2,2,2,0.83394,0
0,4,2,2,3,0.00767,0
0,4,2,2,4,0.02084,0
0,4,2,3,0,0.30232,0
0,4,2,3,1,0.55401,0
0,4,2,3,2,0.62535,0
0,4,2,3,3,0.56638,0
0,4,2,3,4,0.10569,0
0,4,2,4,0,0.45320,0
0,4,2,4,1,0.39433,0
0,4,2,4,2,0.14310,0
0,4,2,4,3,0.06661,0
0,4,2,4,4,0.42106,0
0,4,3,0,0,0.60333,0
0,4,3,0,1,0.19928,0
0,4,3,0,2,0.76148,0
0,4,3,0,3,0.42299,0
0,4,3,0,4,0.27633,0
0,4,3,1,0,0.82881,2
0,4,3,1,1,0.62298,0
0,4,3,1,2,0.23004,0
0,4,3,1,3,0.51725,0
0,4,3,1,4,0.15652,0
0,4,3,2,0,0.42137,0
0,4,3,2,1,0.10229,0
0,4,3,2,2,0.20613,0
0,4,3,2,3,0.78851,3
0,4,3,2,4,0.43196,0
0,4,3,3,0,0.95168,0
0,4,3,3,1,0.26994,0
0,4,3,3,2,0.26564,0
0,4,3,3,3,0.67062,0
0,4,3,3,4,0.98357,0
0,4,3,4,0,0.98294,0
0,4,3,4,1,0.61632,0
0,4,3,4,2,0.26398,0
0,4,3,4,3,0.19647,0
0,4,3,4,4,0.13896,0
0,4,4,0,0,0.28637,0
0,4,4,0,1,0.36168,0
0,4,4,0,2,0.40530,0
0,4,4,0,3,0.48193,0
0,4,4,0,4,0.52797,0
0,4,4,1,0,0.99505,0
0,4,4,1,1,0.64602,0
0,4,4,1,2,0.48131,0
0,4,4,1,3,0.85861,0
0,4,4,1,4,0.94009,0
0,4,4,2,0,0.87260,3
0,4,4,2,1,0.39546,0
0,4,4,2,2,0.77777,0
0,4,4,2,3,0.91452,4
0,4,4,2,4,0.22605,0
0,4,4,3,0,0.57853,0
0,4,4,3,1,0.72802,0
0,4,4,3,2,0.70465,0
0,4,4,3,3,0.79274,0
0,4,4,3,4,0.15575,0
0,4,4,4,0,0.53117,0
0,4,4,4,1,0.38957,0
0,4,4,4,2,0.13403,0
0,4,4,4,3,0.51677,0
0,4,4,4,4,0.17509,0
1,0,0,0,0,0.20910,0
1,0,0,0,1,0.40844,0
1,0,0,0,2,0.55851,0
1,0,0,0,3,0.87910,0
1,0,0,0,4,0.93072,0
1,0,0,1,0,0.08508,0
1,0,0,1,1,0.24640,0
1,0,0,1,2,0.82337,0
1,0,0,1,3,0.26220,0
1,0,0,1,4,0.50947,0
1,0,0,2,0,0.85709,0
1,0,0,2,1,0.79237,0
1,0,0,2,2,0.05327,0
1,0,0,2,3,0.38902,0
1,0,0,2,4,0.21562,0
1,0,0,3,0,0.25274,0
1,0,0,3,1,0.23331,0
1,0,0,3,2,0.56869,0
1,0,0,3,3,0.34674,0
1,0,0,3,4,0.06272,0
1,0,0,4,0,0.95382,0
1,0,0,4,1,0.72229,0
1,0,0,4,2,0.22266,0
1,0,0,4,3,0.09341,0
1,0,0,4,4,0.62050,0
1,0,1,0,0,0.74594,0
1,0,1,0,1,0.70838,0
1,0,1,0,2,0.53123,0
1,0,1,0,3,0.37166,0
1,0,1,0,4,0.70756,0
1,0,1,1,0,0.38109,0
1,0,1,1,1,0.52651,0
1,0,1,1,2,0.08815,0
1,0,1,1,3,0.17991,0
1,0,1,1,4,0.63151,0
1,0,1,2,0,0.15503,0
1,0,1,2,1,0.20441,0
1,0,1,2,2,0.66474,0
1,0,1,2,3,0.34269,0
1,0,1,2,4,0.36702,0
1,0,1,3,0,0.43119,0
1,0,1,3,1,0.60146,0
1,0,1,3,2,0.48580,0
1,0,1,3,3,0.71288,0
1,0,1,3,4,0.99754,0
1,0,1,4,0,0.14637,0
1,0,1,4,1,0.17260,0
1,0,1,4,2,0.15476,0
1,0,1,4,3,0.17289,0
1,0,1,4,4,0.50694,0
1,0,2,0,0,0.06079,0
1,0,2,0,1,0.20057,0
1,0,2,0,2,0.63975,0
1,0,2,0,3,0.12077,0
1,0,2,0,4,0.52102,0
1,0,2,1,0,0.92936,0
1,0,2,1,1,0.75331,0
1,0,2,1,2,0.37955,0
1,0,2,1,3,0.64337,0
1,0,2,1,4,0.21684,0
1,0,2,2,0,0.84623,0
1,0,2,2,1,0.91631,0
1,0,2,2,2,0.98628,0
1,0,2,2,3,0.61484,0
1,0,2,2,4,0.51543,0
1,0,2,3,0,0.69725,0
1,0,2,3,1,0.95241,0
1,0,2,3,2,0.89061,0
1,0,2,3,3,0.26193,0
1,0,2,3,4,0.28993,0
1,0,2,4,0,0.81351,0
1,0,2,4,1,0.18969,0
1,0,2,4,2,0.94599,0
1,0,2,4,3,0.71527,0
1,0,2,4,4,0.70028,0
1,0,3,0,0,0.15035,0
1,0,3,0,1,0.26665,0
1,0,3,0,2,0.23334,0
1,0,3,0,3,0.32375,0
1,0,3,0,4,0.06822,0
1,0,3,1,0,0.87799,0
1,0,3,1,1,0.26176,0
1,0,3,1,2,0.80055,0
1,0,3,1,3,0.38630,0
1,0,3,1,4,0.81432,0
1,0,3,2,0,0.38004,0
1,0,3,2,1,0.60583,8
1,0,3,2,2,0.36883,0
1,0,3,2,3,0.44685,2
1,0,3,2,4,0.03460,0
1,0,3,3,0,0.49158,0
1,0,3,3,1,0.80634,0
1,0,3,3,2,0.88812,0
1,0,3,3,3,0.12655,0
1,0,3,3,4,0.14925,0
1,0,3,4,0,0.99520,0
1,0,3,4,1,0.16345,0
1,0,3,4,2,0.13781,0
1,0,3,4,3,0.89550,0
1,0,3,4,4,0.03635,0
1,0,4,0,0,0.40380,0
1,0,4,0,1,0.83114,0
1,0,4,0,2,0.21191,0
1,0,4,0,3,0.70604,0
1,0,4,0,4,0.09216,0
1,0,4,1,0,0.84585,0
1,0,4,1,1,0.78204,0
1,0,4,1,2,0.76580,0
1,0,4,1,3,0.64300,0
1,0,4,1,4,0.70318,0
1,0,4,2,0,0.23497,0
1,0,4,2,1,0.59912,0
1,0,4,2,2,0.62255,0
1,0,4,2,3,0.77759,6
1,0,4,2,4,0.55677,0
1,0,4,3,0,0.48927,0
1,0,4,3,1,0.54874,0
1,0,4,3,2,0.24662,0
1,0,4,3,3,0.03157,0
1,0,4,3,4,0.68557,0
1,0,4,4,0,0.01008,0
1,0,4,4,1,0.36314,0
1,0,4,4,2,0.74339,0
1,0,4,4,3,0.64484,0
1,0,4,4,4,0.46507,0
1,1,0,0,0,0.37071,0
1,1,0,0,1,0.99472,0
1,1,0,0,2,0.48004,0
1,1,0,0,3,0.36190,0
1,1,0,0,4,0.15724,0
1,1,0,1,0,0.47940,0
1,1,0,1,1,0.67306,1
1,1,0,1,2,0.15283,0
1,1,0,1,3,0.53129,0
1,1,0,1,4,0.65305,2
1,1,0,2,0,1.03590,31
1,1,0,2,1,0.36839,0
1,1,0,2,2,0.78177,13
1,1,0,2,3,0.62558,2
1,1,0,2,4,0.69726,27
1,1,0,3,0,0.16372,0
1,1,0,3,1,0.51598,0
1,1,0,3,2,0.30584,0
1,1,0,3,3,0.07807,0
1,1,0,3,4,0.65266,0
1,1,0,4,0,0.02165,0
1,1,0,4,1,0.69358,0
1,1,0,4,2,0.33155,0
1,1,0,4,3,0.90458,0
1,1,0,4,4,0.73648,0
1,1,1,0,0,0.70743,0
1,1,1,0,1,0.22876,0
1,1,1,0,2,0.69515,0
1,1,1,0,3,0.96601,0
1,1,1,0,4,0.30673,0
1,1,1,1,0,1.78610,34
1,1,1,1,1,0.80021,12
1,1,1,1,2,0.21222,1
1,1,1,1,3,0.77755,4
1,1,1,1,4,0.38612,0
1,1,1,2,0,3.33991,740
1,1,1,2,1,0.48964,33
1,1,1,2,2,0.47692,14
1,1,1,2,3,0.12072,1
1,1,1,2,4,0.45840,33
1,1,1,3,0,0.11222,0
1,1,1,3,1,0.65140,0
1,1,1,3,2,0.29729,0
1,1,1,3,3,0.74136,0
1,1,1,3,4,0.26812,0
1,1,1,4,0,0.66773,0
1,1,1,4,1,0.22016,0
1,1,1,4,2,0.28186,0
1,1,1,4,3,0.95767,0
1,1,1,4,4,0.25885,0
1,1,2,0,0,0.51130,2
1,1,2,0,1,0.25395,0
1,1,2,0,2,0.97868,12
1,1,2,0,3,0.85429,1
1,1,2,0,4,0.21627,0
1,1,2,1,0,2.04627,88
1,1,2,1,1,0.71335,37
1,1,2,1,2,0.31838,0
1,1,2,1,3,0.60753,0
1,1,2,1,4,0.22913,0
1,1,2,2,0,0.35320,2
1,1,2,2,1,0.13654,2
1,1,2,2,2,0.72116,48
1,1,2,2,3,0.02664,0
1,1,2,2,4,0.43491,0
1,1,2,3,0,0.20646,0
1,1,2,3,1,0.03165,0
1,1,2,3,2,0.91937,0
1,1,2,3,3,0.89792,0
1,1,2,3,4,0.73887,0
1,1,2,4,0,0.46905,0
1,1,2,4,1,0.01678,0
1,1,2,4,2,0.13113,0
1,1,2,4,3,0.72649,0
1,1,2,4,4,0.94911,0
1,1,3,0,0,0.20047,1
1,1,3,0,1,0.82170,11
1,1,3,0,2,0.52809,0
1,1,3,0,3,0.32411,0
1,1,3,0,4,0.27744,0
1,1,3,1,0,0.30896,0
1,1,3,1,1,0.41886,59
1,1,3,1,2,0.30771,0
1,1,3,1,3,0.06897,0
1,1,3,1,4,0.12201,0
1,1,3,2,0,0.05513,0
1,1,3,2,1,0.57924,22
1,1,3,2,2,0.51706,31
1,1,3,2,3,0.66888,8
1,1,3,2,4,0.31727,0
1,1,3,3,0,0.12556,0
1,1,3,3,1,0.11801,0
1,1,3,3,2,0.71791,0
1,1,3,3,3,0.58534,0
1,1,3,3,4,0.16469,0
1,1,3,4,0,0.48663,0
1,1,3,4,1,0.04609,0
1,1,3,4,2,0.38941,0
1,1,3,4,3,0.48331,0
1,1,3,4,4,0.45534,0
1,1,4,0,0,0.12368,0
1,1,4,0,1,0.35795,0
1,1,4,0,2,0.95635,0
1,1,4,0,3,0.67639,0
1,1,4,0,4,0.58698,0
1,1,4,1,0,0.90071,0
1,1,4,1,1,0.31756,0
1,1,4,1,2,0.26365,0
1,1,4,1,3,0.77950,0
1,1,4,1,4,0.28454,0
1,1,4,2,0,0.35778,1
1,1,4,2,1,0.60413,101
1,1,4,2,2,0.83731,19
1,1,4,2,3,0.08602,1
1,1,4,2,4,0.44107,0
1,1,4,3,0,0.66457,0
1,1,4,3,1,0.04315,0
1,1,4,3,2,0.18437,0
1,1,4,3,3,0.65058,0
1,1,4,3,4,0.36758,0
1,1,4,4,0,0.25703,0
1,1,4,4,1,0.83850,0
1,1,4,4,2,0.46562,0
1,1,4,4,3,0.19175,0
1,1,4,4,4,0.05160,0
1,2,0,0,0,0.82616,0
1,2,0,0,1,0.91494,0
1,2,0,0,2,0.75468,0
1,2,0,0,3,0.11135,0
1,2,0,0,4,0.86672,0
1,2,0,1,0,0.55337,0
1,2,0,1,1,0.03041,0
1,2,0,1,2,0.08771,0
1,2,0,1,3,0.29587,0
1,2,0,1,4,0.60301,18
1,2,0,2,0,0.81133,22
1,2,0,2,1,0.76219,2
1,2,0,2,2,0.75872,12
1,2,0,2,3,0.15406,3
1,2,0,2,4,0.35743,4
1,2,0,3,0,0.44047,0
1,2,0,3,1,0.46006,0
1,2,0,3,2,0.34994,0
1,2,0,3,3,0.37299,0
1,2,0,3,4,0.60064,0
1,2,0,4,0,0.75404,0
1,2,0,4,1,0.28191,0
1,2,0,4,2,0.34930,0
1,2,0,4,3,0.99695,0
1,2,0,4,4,0.54420,0
1,2,1,0,0,0.46648,0
1,2,1,0,1,0.95867,0
1,2,1,0,2,0.63871,0
1,2,1,0,3,0.74981,0
1,2,1,0,4,0.62418,0
1,2,1,1,0,0.49461,8
1,2,1,1,1,0.05430,0
1,2,1,1,2,0.09561,0
1,2,1,1,3,0.80503,69
1,2,1,1,4,0.44528,5
1,2,1,2,0,2.68929,372
1,2,1,2,1,0.28094,1
1,2,1,2,2,0.04672,0
1,2,1,2,3,0.59855,30
1,2,1,2,4,0.76152,3
1,2,1,3,0,0.85056,0
1,2,1,3,1,0.39110,0
1,2,1,3,2,0.79077,0
1,2,1,3,3,0.40306,0
1,2,1,3,4,0.19043,0
1,2,1,4,0,0.03281,0
1,2,1,4,1,0.18824,0
1,2,1,4,2,0.47899,0
1,2,1,4,3,0.27491,0
1,2,1,4,4,0.91477,0
1,2,2,0,0,0.39662,1
1,2,2,0,1,0.62463,2
1,2,2,0,2,0.04315,0
1,2,2,0,3,0.83004,28
1,2,2,0,4,0.24077,0
1,2,2,1,0,0.82279,71
1,2,2,1,1,0.46060,124
1,2,2,1,2,0.42252,41
1,2,2,1,3,0.16128,0
1,2,2,1,4,0.11545,0
1,2,2,2,0,0.71948,35
1,2,2,2,1,0.09593,0
1,2,2,2,2,0.62222,10
1,2,2,2,3,0.40874,1
1,2,2,2,4,0.00939,0
1,2,2,3,0,0.59402,0
1,2,2,3,1,0.47235,0
1,2,2,3,2,0.87348,0
1,2,2,3,3,0.45786,0
1,2,2,3,4,0.25794,0
1,2,2,4,0,0.36551,0
1,2,2,4,1,0.36016,0
1,2,2,4,2,0.33732,0
1,2,2,4,3,0.55406,0
1,2,2,4,4,0.03699,0
1,2,3,0,0,0.92821,0
1,2,3,0,1,0.24952,0
1,2,3,0,2,0.93935,1
1,2,3,0,3,0.26736,0
1,2,3,0,4,0.97218,0
1,2,3,1,0,0.48545,61
1,2,3,1,1,0.31708,0
1,2,3,1,2,0.50221,39
1,2,3,1,3,0.39312,16
1,2,3,1,4,0.29481,0
1,2,3,2,0,0.59046,12
1,2,3,2,1,0.58305,0
1,2,3,2,2,0.53821,10
1,2,3,2,3,0.10571,0
1,2,3,2,4,0.59061,6
1,2,3,3,0,0.17532,0
1,2,3,3,1,0.43014,0
1,2,3,3,2,0.94085,0
1,2,3,3,3,0.30842,0
1,2,3,3,4,0.65847,0
1,2,3,4,0,0.73164,0
1,2,3,4,1,0.59875,0
1,2,3,4,2,0.56153,0
1,2,3,4,3,0.48611,0
1,2,3,4,4,0.94856,0
1,2,4,0,0,0.92098,0
1,2,4,0,1,0.71841,0
1,2,4,0,2,0.75551,0
1,2,4,0,3,0.50722,0
1,2,4,0,4,0.85937,0
1,2,4,1,0,0.59025,2
1,2,4,1,1,0.55896,0
1,2,4,1,2,0.18302,0
1,2,4,1,3,0.39843,0
1,2,4,1,4,0.64238,4
1,2,4,2,0,0.56114,109
1,2,4,2,1,0.05968,0
1,2,4,2,2,0.43831,0
1,2,4,2,3,0.42124,1
1,2,4,2,4,0.41233,0
1,2,4,3,0,0.95483,0
1,2,4,3,1,0.44347,0
1,2,4,3,2,0.30124,0
1,2,4,3,3,0.31405,0
1,2,4,3,4,0.23718,0
1,2,4,4,0,0.51893,0
1,2,4,4,1,0.63764,0
1,2,4,4,2,0.25647,0
1,2,4,4,3,0.96520,0
1,2,4,4,4,0.58851,0
1,3,0,0,0,0.30656,0
1,3,0,0,1,0.54621,0
1,3,0,0,2,0.18874,0
1,3,0,0,3,0.51854,0
1,3,0,0,4,0.50188,0
1,3,0,1,0,0.64947,6
1,3,0,1,1,0.07200,0
1,3,0,1,2,0.35559,0
1,3,0,1,3,0.15731,2
1,3,0,1,4,0.57936,0
1,3,0,2,0,0.07775,5
1,3,0,2,1,0.24890,7
1,3,0,2,2,0.25012,54
1,3,0,2,3,0.24013,11
1,3,0,2,4,0.23638,7
1,3,0,3,0,0.90101,0
1,3,0,3,1,0.83902,0
1,3,0,3,2,0.30046,0
1,3,0,3,3,0.95635,0
1,3,0,3,4,0.96106,0
1,3,0,4,0,0.45292,0
1,3,0,4,1,0.66905,0
1,3,0,4,2,0.65262,0
1,3,0,4,3,0.17134,0
1,3,0,4,4,0.49713,0
1,3,1,0,0,0.86396,1
1,3,1,0,1,0.04682,0
1,3,1,0,2,0.62681,0
1,3,1,0,3,0.16105,0
1,3,1,0,4,0.43985,0
1,3,1,1,0,0.36437,5
1,3,1,1,1,0.21562,0
1,3,1,1,2,0.44669,49
1,3,1,1,3,0.42386,0
1,3,1,1,4,0.62795,104
1,3,1,2,0,0.75663,22
1,3,1,2,1,0.37681,12
1,3,1,2,2,0.51252,11
1,3,1,2,3,0.32640,54
1,3,1,2,4,1.45205,212
1,3,1,3,0,0.92887,0
1,3,1,3,1,0.98891,0
1,3,1,3,2,0.21824,0
1,3,1,3,3,0.73461,0
1,3,1,3,4,0.20991,0
1,3,1,4,0,0.19738,0
1,3,1,4,1,0.43059,0
1,3,1,4,2,0.70610,0
1,3,1,4,3,0.49543,0
1,3,1,4,4,0.52042,0
1,3,2,0,0,0.21495,0
1,3,2,0,1,0.38753,0
1,3,2,0,2,0.54292,0
1,3,2,0,3,0.75599,14
1,3,2,0,4,0.78585,1
1,3,2,1,0,0.41734,1
1,3,2,1,1,0.42353,37
1,3,2,1,2,0.31729,0
1,3,2,1,3,0.42429,87
1,3,2,1,4,0.42434,3
1,3,2,2,0,0.40478,1
1,3,2,2,1,0.41082,13
1,3,2,2,2,0.27559,16
1,3,2,2,3,0.37416,30
1,3,2,2,4,0.42041,39
1,3,2,3,0,0.04270,0
1,3,2,3,1,0.96674,0
1,3,2,3,2,0.08474,0
1,3,2,3,3,0.87859,0
1,3,2,3,4,0.10386,0
1,3,2,4,0,0.34113,0
1,3,2,4,1,0.48527,0
1,3,2,4,2,0.14910,0
1,3,2,4,3,0.46710,0
1,3,2,4,4,0.45053,0
1,3,3,0,0,0.66824,0
1,3,3,0,1,0.21410,0
1,3,3,0,2,0.69601,0
1,3,3,0,3,0.74688,4
1,3,3,0,4,0.37428,0
1,3,3,1,0,0.14237,1
1,3,3,1,1,0.42058,2
1,3,3,1,2,0.23886,0
1,3,3,1,3,0.38891,8
1,3,3,1,4,0.40156,64
1,3,3,2,0,0.26030,22
1,3,3,2,1,0.27226,33
1,3,3,2,2,0.01769,0
1,3,3,2,3,0.26852,41
1,3,3,2,4,0.19976,39
1,3,3,3,0,0.54853,0
1,3,3,3,1,0.59308,0
1,3,3,3,2,0.91418,0
1,3,3,3,3,0.24247,0
1,3,3,3,4,0.17038,0
1,3,3,4,0,0.94507,0
1,3,3,4,1,0.10087,0
1,3,3,4,2,0.13713,0
1,3,3,4,3,0.53506,0
1,3,3,4,4,0.53084,0
1,3,4,0,0,0.40703,0
1,3,4,0,1,0.98601,0
1,3,4,0,2,0.85832,0
1,3,4,0,3,0.71851,0
1,3,4,0,4,0.80320,0
1,3,4,1,0,0.65274,15
1,3,4,1,1,0.54686,0
1,3,4,1,2,0.08903,0
1,3,4,1,3,0.40398,0
1,3,4,1,4,0.66904,2
1,3,4,2,0,0.48247,74
1,3,4,2,1,0.25461,0
1,3,4,2,2,0.37683,0
1,3,4,2,3,0.60261,8
1,3,4,2,4,0.04474,0
1,3,4,3,0,0.20489,0
1,3,4,3,1,0.51571,0
1,3,4,3,2,0.18012,0
1,3,4,3,3,0.81162,0
1,3,4,3,4,0.89252,0
1,3,4,4,0,0.83569,0
1,3,4,4,1,0.94099,0
1,3,4,4,2,0.42512,0
1,3,4,4,3,0.62630,0
1,3,4,4,4,0.97187,0
1,4,0,0,0,0.84165,0
1,4,0,0,1,0.30266,0
1,4,0,0,2,0.85226,0
1,4,0,0,3,0.99853,0
1,4,0,0,4,0.80459,0
1,4,0,1,0,0.21660,7
1,4,0,1,1,0.08928,1
1,4,0,1,2,0.21455,19
1,4,0,1,3,0.06739,0
1,4,0,1,4,0.00482,0
1,4,0,2,0,0.05257,48
1,4,0,2,1,-0.00010,36
1,4,0,2,2,-0.10225,3
1,4,0,2,3,0.03583,20
1,4,0,2,4,-0.09793,20
1,4,0,3,0,0.73401,0
1,4,0,3,1,0.03892,0
1,4,0,3,2,0.11525,0
1,4,0,3,3,0.91146,0
1,4,0,3,4,0.80583,0
1,4,0,4,0,0.59080,0
1,4,0,4,1,0.27526,0
1,4,0,4,2,0.16879,0
1,4,0,4,3,0.44735,0
1,4,0,4,4,0.75574,0
1,4,1,0,0,0.34267,0
1,4,1,0,1,0.08781,0
1,4,1,0,2,0.40681,3
1,4,1,0,3,0.18519,0
1,4,1,0,4,0.29088,0
1,4,1,1,0,0.46607,83
1,4,1,1,1,0.47034,4
1,4,1,1,2,0.46904,36
1,4,1,1,3,0.47300,32
1,4,1,1,4,0.24690,1
1,4,1,2,0,0.80458,71
1,4,1,2,1,0.16634,1
1,4,1,2,2,0.39144,57
1,4,1,2,3,0.35335,0
1,4,1,2,4,0.35768,43
1,4,1,3,0,0.71196,0
1,4,1,3,1,0.72211,0
1,4,1,3,2,0.03746,0
1,4,1,3,3,0.06741,0
1,4,1,3,4,0.64832,0
1,4,1,4,0,0.70388,0
1,4,1,4,1,0.45412,0
1,4,1,4,2,0.55914,0
1,4,1,4,3,0.90472,0
1,4,1,4,4,0.18679,0
1,4,2,0,0,0.68724,8
1,4,2,0,1,0.03377,0
1,4,2,0,2,0.69213,9
1,4,2,0,3,0.46178,0
1,4,2,0,4,0.09850,0
1,4,2,1,0,0.26330,54
1,4,2,1,1,0.28952,71
1,4,2,1,2,0.04106,1
1,4,2,1,3,0.37828,19
1,4,2,1,4,0.07934,0
1,4,2,2,0,0.28954,0
1,4,2,2,1,0.49169,11
1,4,2,2,2,0.49225,7
1,4,2,2,3,0.47236,27
1,4,2,2,4,0.35466,0
1,4,2,3,0,0.62604,0
1,4,2,3,1,0.04145,0
1,4,2,3,2,0.11223,0
1,4,2,3,3,0.09271,0
1,4,2,3,4,0.92313,0
1,4,2,4,0,0.13716,0
1,4,2,4,1,0.70439,0
1,4,2,4,2,0.43246,0
1,4,2,4,3,0.48306,0
1,4,2,4,4,0.82741,0
1,4,3,0,0,0.42477,0
1,4,3,0,1,0.08449,0
1,4,3,0,2,0.73874,11
1,4,3,0,3,0.60230,0
1,4,3,0,4,0.76493,3
1,4,3,1,0,0.31688,2
1,4,3,1,1,0.46717,8
1,4,3,1,2,0.24654,1
1,4,3,1,3,0.47638,68
1,4,3,1,4,0.22531,0
1,4,3,2,0,0.46482,15
1,4,3,2,1,0.42822,4
1,4,3,2,2,0.38542,22
1,4,3,2,3,0.30421,0
1,4,3,2,4,0.44262,5
1,4,3,3,0,0.91187,0
1,4,3,3,1,0.82812,0
1,4,3,3,2,0.93549,0
1,4,3,3,3,0.60404,0
1,4,3,3,4,0.73327,0
1,4,3,4,0,0.23101,0
1,4,3,4,1,0.71294,0
1,4,3,4,2,0.23690,0
1,4,3,4,3,0.41791,0
1,4,3,4,4,0.98810,0
1,4,4,0,0,0.64232,0
1,4,4,0,1,0.46735,0
1,4,4,0,2,0.26834,0
1,4,4,0,3,0.81935,0
1,4,4,0,4,0.92660,0
1,4,4,1,0,0.58590,0
1,4,4,1,1,0.75825,2
1,4,4,1,2,0.76181,11
1,4,4,1,3,0.69750,1
1,4,4,1,4,0.19338,0
1,4,4,2,0,0.48648,12
1,4,4,2,1,0.28673,0
1,4,4,2,2,0.45500,15
1,4,4,2,3,0.55463,38
1,4,4,2,4,0.37524,0
1,4,4,3,0,0.77181,0
1,4,4,3,1,0.16003,0
1,4,4,3,2,0.59789,0
1,4,4,3,3,0.05852,0
1,4,4,3,4,0.57026,0
1,4,4,4,0,0.74395,0
1,4,4,4,1,0.28246,0
1,4,4,4,2,0.34916,0
1,4,4,4,3,0.43973,0
1,4,4,4,4,0.03744,0
2,0,0,0,0,0.93338,0
2,0,0,0,1,0.39754,0
2,0,0,0,2,0.32022,0
2,0,0,0,3,0.52769,0
2,0,0,0,4,0.42460,0
2,0,0,1,0,0.18185,0
2,0,0,1,1,0.88344,0
2,0,0,1,2,0.13259,0
2,0,0,1,3,0.78097,0
2,0,0,1,4,0.87868,0
2,0,0,2,0,0.05796,0
2,0,0,2,1,0.36311,0
2,0,0,2,2,0.84009,4
2,0,0,2,3,0.54493,0
2,0,0,2,4,0.18755,0
2,0,0,3,0,0.51287,0
2,0,0,3,1,0.88488,0
2,0,0,3,2,0.57351,0
2,0,0,3,3,0.53131,0
2,0,0,3,4,0.07451,0
2,0,0,4,0,0.55356,0
2,0,0,4,1,0.02323,0
2,0,0,4,2,0.27269,0
2,0,0,4,3,0.17293,0
2,0,0,4,4,0.91789,0
2,0,1,0,0,0.71695,0
2,0,1,0,1,0.06846,0
2,0,1,0,2,0.05268,0
2,0,1,0,3,0.00265,0
2,0,1,0,4,0.95245,0
2,0,1,1,0,0.43939,0
2,0,1,1,1,0.56004,0
2,0,1,1,2,0.41615,0
2,0,1,1,3,0.77685,0
2,0,1,1,4,0.97676,1
2,0,1,2,0,0.12004,0
2,0,1,2,1,0.80273,9
2,0,1,2,2,0.03802,0
2,0,1,2,3,0.45531,0
2,0,1,2,4,0.80556,19
2,0,1,3,0,0.37137,0
2,0,1,3,1,0.84566,0
2,0,1,3,2,0.31625,0
2,0,1,3,3,0.91793,0
2,0,1,3,4,0.65039,0
2,0,1,4,0,0.64944,0
2,0,1,4,1,0.11144,0
2,0,1,4,2,0.70124,0
2,0,1,4,3,0.21896,0
2,0,1,4,4,0.87366,0
2,0,2,0,0,0.51186,0
2,0,2,0,1,0.64829,0
2,0,2,0,2,0.76226,0
2,0,2,0,3,0.82808,8
2,0,2,0,4,0.42320,0
2,0,2,1,0,0.38288,0
2,0,2,1,1,0.21015,0
2,0,2,1,2,0.51341,0
2,0,2,1,3,0.75625,27
2,0,2,1,4,0.25159,0
2,0,2,2,0,0.09817,0
2,0,2,2,1,0.15012,0
2,0,2,2,2,0.94946,16
2,0,2,2,3,0.58560,0
2,0,2,2,4,0.40658,0
2,0,2,3,0,0.59480,0
2,0,2,3,1,0.06431,0
2,0,2,3,2,0.35324,0
2,0,2,3,3,0.44798,0
2,0,2,3,4,0.84738,0
2,0,2,4,0,0.57392,0
2,0,2,4,1,0.27066,0
2,0,2,4,2,0.78550,0
2,0,2,4,3,0.50038,0
2,0,2,4,4,0.50184,0
2,0,3,0,0,0.56031,0
2,0,3,0,1,0.48066,0
2,0,3,0,2,0.76359,13
2,0,3,0,3,0.67059,1
2,0,3,0,4,0.32510,0
2,0,3,1,0,0.19390,0
2,0,3,1,1,0.87333,9
2,0,3,1,2,0.86833,1
2,0,3,1,3,0.86958,6
2,0,3,1,4,0.79035,0
2,0,3,2,0,1.02278,10
2,0,3,2,1,0.15991,0
2,0,3,2,2,0.89280,8
2,0,3,2,3,0.13989,0
2,0,3,2,4,0.03697,0
2,0,3,3,0,0.98368,0
2,0,3,3,1,0.76702,0
2,0,3,3,2,0.74258,0
2,0,3,3,3,0.26084,0
2,0,3,3,4,0.57470,0
2,0,3,4,0,0.63149,0
2,0,3,4,1,0.65954,0
2,0,3,4,2,0.31746,0
2,0,3,4,3,0.13421,0
2,0,3,4,4,0.85626,0
2,0,4,0,0,0.98386,0
2,0,4,0,1,0.17879,0
2,0,4,0,2,0.75710,0
2,0,4,0,3,0.44691,0
2,0,4,0,4,0.74756,0
2,0,4,1,0,0.58565,0
2,0,4,1,1,0.62468,0
2,0,4,1,2,0.08897,0
2,0,4,1,3,0.98415,3
2,0,4,1,4,0.22920,0
2,0,4,2,0,0.74520,7
2,0,4,2,1,0.25397,0
2,0,4,2,2,0.08999,0
2,0,4,2,3,0.48625,1
2,0,4,2,4,0.37970,0
2,0,4,3,0,0.93824,0
2,0,4,3,1,0.18204,0
2,0,4,3,2,0.02274,0
2,0,4,3,3,0.25310,0
2,0,4,3,4,0.87926,0
2,0,4,4,0,0.08723,0
2,0,4,4,1,0.98615,0
2,0,4,4,2,0.75584,0
2,0,4,4,3,0.09159,0
2,0,4,4,4,0.72632,0
2,1,0,0,0,0.48285,0
2,1,0,0,1,0.24791,0
2,1,0,0,2,0.21753,0
2,1,0,0,3,0.40577,0
2,1,0,0,4,0.54890,0
2,1,0,1,0,0.32868,2
2,1,0,1,1,0.49745,0
2,1,0,1,2,0.62633,13
2,1,0,1,3,0.11082,0
2,1,0,1,4,0.59821,20
2,1,0,2,0,0.13822,5
2,1,0,2,1,0.11383,29
2,1,0,2,2,0.13239,9
2,1,0,2,3,0.81182,34
2,1,0,2,4,-0.01013,7
2,1,0,3,0,0.97627,0
2,1,0,3,1,0.16075,0
2,1,0,3,2,0.95959,0
2,1,0,3,3,0.36226,0
2,1,0,3,4,0.16968,0
2,1,0,4,0,0.67803,0
2,1,0,4,1,0.44568,0
2,1,0,4,2,0.32201,0
2,1,0,4,3,0.48287,0
2,1,0,4,4,0.86910,0
2,1,1,0,0,0.61629,0
2,1,1,0,1,0.92801,0
2,1,1,0,2,0.15982,0
2,1,1,0,3,0.00188,0
2,1,1,0,4,0.63451,0
2,1,1,1,0,1.81223,94
2,1,1,1,1,0.62559,0
2,1,1,1,2,0.28134,1
2,1,1,1,3,0.37844,0
2,1,1,1,4,0.68330,0
2,1,1,2,0,3.16290,1206
2,1,1,2,1,0.28906,8
2,1,1,2,2,0.47083,0
2,1,1,2,3,0.10816,0
2,1,1,2,4,0.13393,0
2,1,1,3,0,0.28348,0
2,1,1,3,1,0.98429,0
2,1,1,3,2,0.03081,0
2,1,1,3,3,0.67484,0
2,1,1,3,4,0.57538,0
2,1,1,4,0,0.52885,0
2,1,1,4,1,0.11403,0
2,1,1,4,2,0.64875,0
2,1,1,4,3,0.84344,0
2,1,1,4,4,0.32431,0
2,1,2,0,0,1.25719,15
2,1,2,0,1,0.62785,0
2,1,2,0,2,0.55798,0
2,1,2,0,3,0.23831,1
2,1,2,0,4,0.81690,0
2,1,2,1,0,0.91979,9
2,1,2,1,1,0.42275,0
2,1,2,1,2,0.86585,0
2,1,2,1,3,1.86400,129
2,1,2,1,4,0.55129,1
2,1,2,2,0,1.51129,65
2,1,2,2,1,0.69156,19
2,1,2,2,2,0.18679,0
2,1,2,2,3,0.22133,0
2,1,2,2,4,0.13712,0
2,1,2,3,0,0.96103,0
2,1,2,3,1,0.25563,0
2,1,2,3,2,0.88132,0
2,1,2,3,3,0.76738,0
2,1,2,3,4,0.93235,0
2,1,2,4,0,0.45636,0
2,1,2,4,1,0.89398,0
2,1,2,4,2,0.20001,0
2,1,2,4,3,0.71345,0
2,1,2,4,4,0.76910,0
2,1,3,0,0,0.74017,19
2,1,3,0,1,0.14585,0
2,1,3,0,2,0.15938,0
2,1,3,0,3,0.18035,0
2,1,3,0,4,0.05142,0
2,1,3,1,0,0.60034,1
2,1,3,1,1,0.32955,0
2,1,3,1,2,0.55044,1
2,1,3,1,3,0.78694,65
2,1,3,1,4,0.51351,0
2,1,3,2,0,0.42080,1
2,1,3,2,1,0.49558,14
2,1,3,2,2,0.56629,21
2,1,3,2,3,0.62408,20
2,1,3,2,4,0.13057,0
2,1,3,3,0,0.39252,0
2,1,3,3,1,0.57539,0
2,1,3,3,2,0.25697,0
2,1,3,3,3,0.44091,0
2,1,3,3,4,0.72421,0
2,1,3,4,0,0.16816,0
2,1,3,4,1,0.76702,0
2,1,3,4,2,0.65056,0
2,1,3,4,3,0.36590,0
2,1,3,4,4,0.62810,0
2,1,4,0,0,0.71207,0
2,1,4,0,1,0.07663,0
2,1,4,0,2,0.47031,0
2,1,4,0,3,0.73903,0
2,1,4,0,4,0.77860,0
2,1,4,1,0,0.92809,25
2,1,4,1,1,0.00834,0
2,1,4,1,2,0.43603,4
2,1,4,1,3,0.14490,0
2,1,4,1,4,0.35723,0
2,1,4,2,0,0.52829,5
2,1,4,2,1,0.65216,4
2,1,4,2,2,0.11115,0
2,1,4,2,3,0.74395,55
2,1,4,2,4,0.62085,0
2,1,4,3,0,0.57224,0
2,1,4,3,1,0.04316,0
2,1,4,3,2,0.16173,0
2,1,4,3,3,0.09903,0
2,1,4,3,4,0.30174,0
2,1,4,4,0,0.81597,0
2,1,4,4,1,0.11121,0
2,1,4,4,2,0.97922,0
2,1,4,4,3,0.38574,0
2,1,4,4,4,0.48742,0
2,2,0,0,0,0.60920,0
2,2,0,0,1,0.67661,0
2,2,0,0,2,0.89514,2
2,2,0,0,3,0.63201,0
2,2,0,0,4,0.13407,0
2,2,0,1,0,0.34379,3
2,2,0,1,1,0.63308,11
2,2,0,1,2,0.62184,0
2,2,0,1,3,0.45461,0
2,2,0,1,4,0.64436,7
2,2,0,2,0,0.24270,26
2,2,0,2,1,0.15416,0
2,2,0,2,2,0.39329,3
2,2,0,2,3,0.32280,35
2,2,0,2,4,0.20100,2
2,2,0,3,0,0.49378,0
2,2,0,3,1,0.75653,0
2,2,0,3,2,0.09600,0
2,2,0,3,3,0.69989,0
2,2,0,3,4,0.22415,0
2,2,0,4,0,0.13389,0
2,2,0,4,1,0.02173,0
2,2,0,4,2,0.16189,0
2,2,0,4,3,0.78197,0
2,2,0,4,4,0.36733,0
2,2,1,0,0,0.19147,0
2,2,1,0,1,0.69767,0
2,2,1,0,2,0.68832,0
2,2,1,0,3,0.39008,0
2,2,1,0,4,0.77100,5
2,2,1,1,0,0.50856,9
2,2,1,1,1,0.18267,0
2,2,1,1,2,-0.09725,1
2,2,1,1,3,0.57190,2
2,2,1,1,4,1.03130,156
2,2,1,2,0,2.29774,1259
2,2,1,2,1,0.57623,7
2,2,1,2,2,0.57867,26
2,2,1,2,3,0.56161,58
2,2,1,2,4,1.61099,13
2,2,1,3,0,0.24970,0
2,2,1,3,1,0.10156,0
2,2,1,3,2,0.87508,0
2,2,1,3,3,0.73010,0
2,2,1,3,4,0.82878,0
2,2,1,4,0,0.37958,0
2,2,1,4,1,0.11709,0
2,2,1,4,2,0.52348,0
2,2,1,4,3,0.88876,0
2,2,1,4,4,0.71757,0
2,2,2,0,0,0.90572,5
2,2,2,0,1,0.62279,0
2,2,2,0,2,0.58361,0
2,2,2,0,3,0.28054,0
2,2,2,0,4,0.84598,13
2,2,2,1,0,0.70622,251
2,2,2,1,1,0.55580,9
2,2,2,1,2,0.45270,0
2,2,2,1,3,0.22659,0
2,2,2,1,4,0.43701,0
2,2,2,2,0,0.85348,46
2,2,2,2,1,0.37064,1
2,2,2,2,2,0.24583,1
2,2,2,2,3,0.47808,38
2,2,2,2,4,0.47087,0
2,2,2,3,0,0.07334,0
2,2,2,3,1,0.81435,0
2,2,2,3,2,0.87215,0
2,2,2,3,3,0.37456,0
2,2,2,3,4,0.97187,0
2,2,2,4,0,0.56846,0
2,2,2,4,1,0.00421,0
2,2,2,4,2,0.80597,0
2,2,2,4,3,0.88939,0
2,2,2,4,4,0.55330,0
2,2,3,0,0,0.48005,0
2,2,3,0,1,0.12710,0
2,2,3,0,2,0.66288,5
2,2,3,0,3,0.49892,0
2,2,3,0,4,0.66711,1
2,2,3,1,0,0.14218,2
2,2,3,1,1,0.39137,16
2,2,3,1,2,0.44896,0
2,2,3,1,3,0.03878,0
2,2,3,1,4,0.49697,58
2,2,3,2,0,0.36771,2
2,2,3,2,1,0.40815,28
2,2,3,2,2,0.37484,34
2,2,3,2,3,0.45092,3
2,2,3,2,4,0.30059,17
2,2,3,3,0,0.42759,0
2,2,3,3,1,0.44960,0
2,2,3,3,2,0.18692,0
2,2,3,3,3,0.86918,0
2,2,3,3,4,0.62644,0
2,2,3,4,0,0.55085,0
2,2,3,4,1,0.22610,0
2,2,3,4,2,0.75996,0
2,2,3,4,3,0.59832,0
2,2,3,4,4,0.55178,0
2,2,4,0,0,0.51520,0
2,2,4,0,1,0.74769,0
2,2,4,0,2,0.49019,0
2,2,4,0,3,0.85868,0
2,2,4,0,4,0.40660,0
2,2,4,1,0,0.74468,9
2,2,4,1,1,0.75281,3
2,2,4,1,2,0.49966,0
2,2,4,1,3,0.60765,1
2,2,4,1,4,0.71861,12
2,2,4,2,0,0.27765,94
2,2,4,2,1,0.12818,6
2,2,4,2,2,0.25917,0
2,2,4,2,3,0.12629,35
2,2,4,2,4,0.27766,26
2,2,4,3,0,0.59658,0
2,2,4,3,1,0.69242,0
2,2,4,3,2,0.49817,0
2,2,4,3,3,0.66809,0
2,2,4,3,4,0.08245,0
2,2,4,4,0,0.63216,0
2,2,4,4,1,0.55556,0
2,2,4,4,2,0.83624,0
2,2,4,4,3,0.73026,0
2,2,4,4,4,0.56340,0
2,3,0,0,0,0.47654,0
2,3,0,0,1,0.82793,6
2,3,0,0,2,0.57467,0
2,3,0,0,3,0.00011,0
2,3,0,0,4,0.41840,0
2,3,0,1,0,0.05391,1
2,3,0,1,1,0.36419,18
2,3,0,1,2,0.38096,13
2,3,0,1,3,0.19642,23
2,3,0,1,4,0.54799,15
2,3,0,2,0,0.70336,32
2,3,0,2,1,0.30426,1
2,3,0,2,2,0.31437,13
2,3,0,2,3,0.32239,18
2,3,0,2,4,0.25935,22
2,3,0,3,0,0.39112,0
2,3,0,3,1,0.70991,0
2,3,0,3,2,0.26832,0
2,3,0,3,3,0.77122,0
2,3,0,3,4,0.86412,0
2,3,0,4,0,0.35072,0
2,3,0,4,1,0.76567,0
2,3,0,4,2,0.42766,0
2,3,0,4,3,0.33001,0
2,3,0,4,4,0.59138,0
2,3,1,0,0,0.59382,0
2,3,1,0,1,0.45669,0
2,3,1,0,2,0.79261,11
2,3,1,0,3,0.49626,0
2,3,1,0,4,0.81160,1
2,3,1,1,0,0.21304,78
2,3,1,1,1,0.32787,1
2,3,1,1,2,0.22175,75
2,3,1,1,3,0.41622,10
2,3,1,1,4,0.18105,0
2,3,1,2,0,2.01309,762
2,3,1,2,1,0.13871,0
2,3,1,2,2,0.09589,2
2,3,1,2,3,0.20248,73
2,3,1,2,4,0.65265,4
2,3,1,3,0,0.73904,0
2,3,1,3,1,0.46004,0
2,3,1,3,2,0.27098,0
2,3,1,3,3,0.98860,0
2,3,1,3,4,0.56561,0
2,3,1,4,0,0.37919,0
2,3,1,4,1,0.40092,0
2,3,1,4,2,0.40515,0
2,3,1,4,3,0.57993,0
2,3,1,4,4,0.49187,0
2,3,2,0,0,0.05862,0
2,3,2,0,1,0.52364,37
2,3,2,0,2,0.48670,0
2,3,2,0,3,0.54246,27
2,3,2,0,4,0.52940,1
2,3,2,1,0,0.28473,8
2,3,2,1,1,0.41474,74
2,3,2,1,2,0.47752,134
2,3,2,1,3,0.42075,20
2,3,2,1,4,0.02936,0
2,3,2,2,0,0.19532,5
2,3,2,2,1,0.41145,17
2,3,2,2,2,0.13364,2
2,3,2,2,3,0.39946,58
2,3,2,2,4,0.33125,0
2,3,2,3,0,0.44426,0
2,3,2,3,1,0.22817,0
2,3,2,3,2,0.11547,0
2,3,2,3,3,0.43854,0
2,3,2,3,4,0.13905,0
2,3,2,4,0,0.07204,0
2,3,2,4,1,0.50040,0
2,3,2,4,2,0.02862,0
2,3,2,4,3,0.78027,0
2,3,2,4,4,0.45952,0
2,3,3,0,0,0.72796,7
2,3,3,0,1,0.15601,0
2,3,3,0,2,0.70716,4
2,3,3,0,3,0.54965,0
2,3,3,0,4,0.46292,0
2,3,3,1,0,0.39066,6
2,3,3,1,1,0.43236,11
2,3,3,1,2,0.28585,1
2,3,3,1,3,0.45083,60
2,3,3,1,4,0.47930,37
2,3,3,2,0,0.24910,48
2,3,3,2,1,0.21488,31
2,3,3,2,2,0.01461,0
2,3,3,2,3,0.21153,34
2,3,3,2,4,0.12135,0
2,3,3,3,0,0.04021,0
2,3,3,3,1,0.47024,0
2,3,3,3,2,0.87558,0
2,3,3,3,3,0.34628,0
2,3,3,3,4,0.18367,0
2,3,3,4,0,0.52256,0
2,3,3,4,1,0.29478,0
2,3,3,4,2,0.33083,0
2,3,3,4,3,0.59672,0
2,3,3,4,4,0.49001,0
2,3,4,0,0,0.67427,0
2,3,4,0,1,0.05391,0
2,3,4,0,2,0.15545,0
2,3,4,0,3,0.11740,0
2,3,4,0,4,0.25796,0
2,3,4,1,0,0.29366,0
2,3,4,1,1,0.27408,0
2,3,4,1,2,0.36797,0
2,3,4,1,3,0.75176,8
2,3,4,1,4,0.45334,0
2,3,4,2,0,0.21671,65
2,3,4,2,1,0.15373,28
2,3,4,2,2,0.15439,0
2,3,4,2,3,0.06448,0
2,3,4,2,4,0.07614,0
2,3,4,3,0,0.28073,0
2,3,4,3,1,0.32987,0
2,3,4,3,2,0.39926,0
2,3,4,3,3,0.87975,0
2,3,4,3,4,0.56527,0
2,3,4,4,0,0.07755,0
2,3,4,4,1,0.09787,0
2,3,4,4,2,0.29929,0
2,3,4,4,3,0.31083,0
2,3,4,4,4,0.70495,0
2,4,0,0,0,0.09635,0
2,4,0,0,1,0.09737,0
2,4,0,0,2,0.75371,0
2,4,0,0,3,0.19745,0
2,4,0,0,4,0.42664,0
2,4,0,1,0,0.52287,31
2,4,0,1,1,0.18717,2
2,4,0,1,2,0.48190,6
2,4,0,1,3,0.46881,12
2,4,0,1,4,0.47881,31
2,4,0,2,0,-0.04069,16
2,4,0,2,1,0.01811,59
2,4,0,2,2,-0.18638,51
2,4,0,2,3,-0.06696,27
2,4,0,2,4,-0.10396,56
2,4,0,3,0,0.61277,0
2,4,0,3,1,0.68785,0
2,4,0,3,2,0.55114,0
2,4,0,3,3,0.50192,0
2,4,0,3,4,0.66482,0
2,4,0,4,0,0.31410,0
2,4,0,4,1,0.23693,0
2,4,0,4,2,0.36919,0
2,4,0,4,3,0.22734,0
2,4,0,4,4,0.10642,0
2,4,1,0,0,0.75778,0
2,4,1,0,1,0.53175,0
2,4,1,0,2,0.88489,1
2,4,1,0,3,0.14013,0
2,4,1,0,4,0.72374,0
2,4,1,1,0,0.40014,171
2,4,1,1,1,0.32025,38
2,4,1,1,2,0.22870,2
2,4,1,1,3,0.23591,0
2,4,1,1,4,0.52767,131
2,4,1,2,0,1.49246,449
2,4,1,2,1,0.36059,23
2,4,1,2,2,-0.04931,15
2,4,1,2,3,0.21637,26
2,4,1,2,4,0.57778,64
2,4,1,3,0,0.11915,0
2,4,1,3,1,0.03607,0
2,4,1,3,2,0.11364,0
2,4,1,3,3,0.88365,0
2,4,1,3,4,0.32788,0
2,4,1,4,0,0.24901,0
2,4,1,4,1,0.75415,0
2,4,1,4,2,0.99396,0
2,4,1,4,3,0.28313,0
2,4,1,4,4,0.55043,0
2,4,2,0,0,0.81501,14
2,4,2,0,1,0.81660,6
2,4,2,0,2,0.80792,9
2,4,2,0,3,0.80631,10
2,4,2,0,4,0.14330,0
2,4,2,1,0,0.66184,166
2,4,2,1,1,0.05203,1
2,4,2,1,2,0.46036,78
2,4,2,1,3,0.45317,71
2,4,2,1,4,0.28336,0
2,4,2,2,0,0.38237,29
2,4,2,2,1,0.35020,0
2,4,2,2,2,0.23946,35
2,4,2,2,3,0.29772,27
2,4,2,2,4,0.36836,6
2,4,2,3,0,0.01515,0
2,4,2,3,1,0.93580,0
2,4,2,3,2,0.03147,0
2,4,2,3,3,0.20299,0
2,4,2,3,4,0.76871,0
2,4,2,4,0,0.66415,0
2,4,2,4,1,0.77551,0
2,4,2,4,2,0.36835,0
2,4,2,4,3,0.62257,0
2,4,2,4,4,0.93552,0
2,4,3,0,0,0.34224,0
2,4,3,0,1,0.57328,13
2,4,3,0,2,0.57842,2
2,4,3,0,3,0.42034,0
2,4,3,0,4,0.08752,1
2,4,3,1,0,0.39297,51
2,4,3,1,1,0.40716,52
2,4,3,1,2,0.41237,2
2,4,3,1,3,0.13149,0
2,4,3,1,4,0.40530,94
2,4,3,2,0,0.05558,0
2,4,3,2,1,0.04710,0
2,4,3,2,2,0.13901,74
2,4,3,2,3,0.06731,37
2,4,3,2,4,-0.01698,29
2,4,3,3,0,0.25661,0
2,4,3,3,1,0.31534,0
2,4,3,3,2,0.45204,0
2,4,3,3,3,0.30688,0
2,4,3,3,4,0.16591,0
2,4,3,4,0,0.79541,0
2,4,3,4,1,0.93686,0
2,4,3,4,2,0.70486,0
2,4,3,4,3,0.00783,0
2,4,3,4,4,0.13399,0
2,4,4,0,0,0.98120,0
2,4,4,0,1,0.33539,0
2,4,4,0,2,0.46642,0
2,4,4,0,3,0.48299,0
2,4,4,0,4,0.71689,0
2,4,4,1,0,0.36004,6
2,4,4,1,1,0.47830,33
2,4,4,1,2,0.24983,0
2,4,4,1,3,0.15373,0
2,4,4,1,4,0.10313,1
2,4,4,2,0,0.10010,0
2,4,4,2,1,-0.18554,3
2,4,4,2,2,0.22576,27
2,4,4,2,3,0.11421,1
2,4,4,2,4,0.29072,107
2,4,4,3,0,0.57675,0
2,4,4,3,1,0.52455,0
2,4,4,3,2,0.21083,0
2,4,4,3,3,0.08012,0
2,4,4,3,4,0.00660,0
2,4,4,4,0,0.88826,0
2,4,4,4,1,0.19885,0
2,4,4,4,2,0.30345,0
2,4,4,4,3,0.04771,0
2,4,4,4,4,0.27430,0
3,0,0,0,0,0.58412,0
3,0,0,0,1,0.23810,0
3,0,0,0,2,0.09764,0
3,0,0,0,3,0.99154,0
3,0,0,0,4,0.60550,0
3,0,0,1,0,0.75292,0
3,0,0,1,1,0.77774,0
3,0,0,1,2,0.43941,0
3,0,0,1,3,0.11989,0
3,0,0,1,4,0.53866,0
3,0,0,2,0,0.37894,0
3,0,0,2,1,0.80120,0
3,0,0,2,2,0.59061,0
3,0,0,2,3,0.08744,0
3,0,0,2,4,0.32919,0
3,0,0,3,0,0.92083,0
3,0,0,3,1,0.16249,0
3,0,0,3,2,0.80240,0
3,0,0,3,3,0.11269,0
3,0,0,3,4,0.88700,0
3,0,0,4,0,0.84199,0
3,0,0,4,1,0.79152,0
3,0,0,4,2,0.03641,0
3,0,0,4,3,0.75966,0
3,0,0,4,4,0.96927,0
3,0,1,0,0,0.13821,0
3,0,1,0,1,0.86169,0
3,0,1,0,2,0.69111,0
3,0,1,0,3,0.49493,0
3,0,1,0,4,0.08717,0
3,0,1,1,0,0.59690,0
3,0,1,1,1,0.41789,0
3,0,1,1,2,0.05487,0
3,0,1,1,3,0.61706,3
3,0,1,1,4,0.61378,10
3,0,1,2,0,1.21032,11
3,0,1,2,1,0.47499,0
3,0,1,2,2,0.35006,1
3,0,1,2,3,0.38581,0
3,0,1,2,4,0.05276,0
3,0,1,3,0,0.13113,0
3,0,1,3,1,0.11834,0
3,0,1,3,2,0.48592,0
3,0,1,3,3,0.74662,0
3,0,1,3,4,0.53982,0
3,0,1,4,0,0.22608,0
3,0,1,4,1,0.20097,0
3,0,1,4,2,0.02272,0
3,0,1,4,3,0.66202,0
3,0,1,4,4,0.00845,0
3,0,2,0,0,0.99148,13
3,0,2,0,1,0.69740,0
3,0,2,0,2,0.68333,1
3,0,2,0,3,0.42775,0
3,0,2,0,4,0.39546,0
3,0,2,1,0,0.11350,0
3,0,2,1,1,0.30310,0
3,0,2,1,2,0.51050,18
3,0,2,1,3,0.25833,0
3,0,2,1,4,0.51178,35
3,0,2,2,0,0.65751,4
3,0,2,2,1,0.63008,0
3,0,2,2,2,0.60469,0
3,0,2,2,3,0.22252,0
3,0,2,2,4,0.49245,7
3,0,2,3,0,0.32100,0
3,0,2,3,1,0.38430,0
3,0,2,3,2,0.00408,0
3,0,2,3,3,0.20545,0
3,0,2,3,4,0.14779,0
3,0,2,4,0,0.52505,0
3,0,2,4,1,0.48979,0
3,0,2,4,2,0.73160,0
3,0,2,4,3,0.69419,0
3,0,2,4,4,0.54318,0
3,0,3,0,0,0.55203,6
3,0,3,0,1,0.55567,4
3,0,3,0,2,0.51614,0
3,0,3,0,3,0.45118,0
3,0,3,0,4,0.11379,0
3,0,3,1,0,0.31626,2
3,0,3,1,1,0.20005,0
3,0,3,1,2,0.53649,11
3,0,3,1,3,0.53587,4
3,0,3,1,4,0.47544,39
3,0,3,2,0,0.84972,11
3,0,3,2,1,0.52887,0
3,0,3,2,2,0.34046,0
3,0,3,2,3,0.29835,0
3,0,3,2,4,0.22831,1
3,0,3,3,0,0.12014,0
3,0,3,3,1,0.18059,0
3,0,3,3,2,0.69587,0
3,0,3,3,3,0.35042,0
3,0,3,3,4,0.93064,0
3,0,3,4,0,0.36361,0
3,0,3,4,1,0.35482,0
3,0,3,4,2,0.48985,0
3,0,3,4,3,0.26102,0
3,0,3,4,4,0.83902,0
3,0,4,0,0,0.74995,0
3,0,4,0,1,0.18983,0
3,0,4,0,2,0.41101,0
3,0,4,0,3,0.12512,0
3,0,4,0,4,0.97034,0
3,0,4,1,0,0.47210,0
3,0,4,1,1,0.41775,0
3,0,4,1,2,0.81366,7
3,0,4,1,3,0.07551,0
3,0,4,1,4,0.77587,0
3,0,4,2,0,0.99258,17
3,0,4,2,1,0.25303,0
3,0,4,2,2,0.85869,1
3,0,4,2,3,0.63785,0
3,0,4,2,4,0.08246,0
3,0,4,3,0,0.47479,0
3,0,4,3,1,0.18523,0
3,0,4,3,2,0.49549,0
3,0,4,3,3,0.43146,0
3,0,4,3,4,0.62605,0
3,0,4,4,0,0.11287,0
3,0,4,4,1,0.02355,0
3,0,4,4,2,0.42284,0
3,0,4,4,3,0.56694,0
3,0,4,4,4,0.83603,0
3,1,0,0,0,0.80947,0
3,1,0,0,1,0.59443,0
3,1,0,0,2,0.30248,0
3,1,0,0,3,0.02759,0
3,1,0,0,4,0.97485,0
3,1,0,1,0,0.39295,2
3,1,0,1,1,0.02987,0
3,1,0,1,2,0.29930,0
3,1,0,1,3,0.40927,10
3,1,0,1,4,0.41081,25
3,1,0,2,0,1.31013,13
3,1,0,2,1,0.06334,1
3,1,0,2,2,0.15364,1
3,1,0,2,3,0.75035,2
3,1,0,2,4,0.75078,22
3,1,0,3,0,0.56468,0
3,1,0,3,1,0.80885,0
3,1,0,3,2,0.41179,0
3,1,0,3,3,0.97916,0
3,1,0,3,4,0.84010,0
3,1,0,4,0,0.38973,0
3,1,0,4,1,0.48555,0
3,1,0,4,2,0.49800,0
3,1,0,4,3,0.12161,0
3,1,0,4,4,0.91237,0
3,1,1,0,0,0.59780,0
3,1,1,0,1,0.97467,0
3,1,1,0,2,0.18432,0
3,1,1,0,3,0.99361,9
3,1,1,0,4,0.53402,1
3,1,1,1,0,0.57408,1
3,1,1,1,1,0.21349,0
3,1,1,1,2,0.75855,22
3,1,1,1,3,0.54029,118
3,1,1,1,4,0.54038,26
3,1,1,2,0,2.81601,687
3,1,1,2,1,0.17765,70
3,1,1,2,2,0.20619,0
3,1,1,2,3,0.64251,4
3,1,1,2,4,0.31733,35
3,1,1,3,0,0.04265,0
3,1,1,3,1,0.30788,0
3,1,1,3,2,0.84561,0
3,1,1,3,3,0.73982,0
3,1,1,3,4,0.58809,0
3,1,1,4,0,0.94271,0
3,1,1,4,1,0.21907,0
3,1,1,4,2,0.98366,0
3,1,1,4,3,0.02601,0
3,1,1,4,4,0.22723,0
3,1,2,0,0,0.67013,1
3,1,2,0,1,1.14742,54
3,1,2,0,2,0.60912,0
3,1,2,0,3,0.66717,23
3,1,2,0,4,0.20613,0
3,1,2,1,0,0.95373,10
3,1,2,1,1,0.66722,24
3,1,2,1,2,0.61928,1
3,1,2,1,3,1.33506,350
3,1,2,1,4,0.53040,48
3,1,2,2,0,0.34561,0
3,1,2,2,1,0.48122,0
3,1,2,2,2,0.57150,46
3,1,2,2,3,0.73584,51
3,1,2,2,4,0.13635,0
3,1,2,3,0,0.21938,0
3,1,2,3,1,0.79955,0
3,1,2,3,2,0.73172,0
3,1,2,3,3,0.57764,0
3,1,2,3,4,0.37656,0
3,1,2,4,0,0.92128,0
3,1,2,4,1,0.17491,0
3,1,2,4,2,0.82502,0
3,1,2,4,3,0.03716,0
3,1,2,4,4,0.32462,0
3,1,3,0,0,0.29860,0
3,1,3,0,1,0.61590,0
3,1,3,0,2,0.16634,0
3,1,3,0,3,0.68592,18
3,1,3,0,4,0.16338,0
3,1,3,1,0,0.95365,12
3,1,3,1,1,0.51595,0
3,1,3,1,2,1.27822,268
3,1,3,1,3,0.60912,4
3,1,3,1,4,0.11825,1
3,1,3,2,0,0.23726,1
3,1,3,2,1,0.25179,52
3,1,3,2,2,0.03362,3
3,1,3,2,3,0.82834,69
3,1,3,2,4,0.22807,0
3,1,3,3,0,0.04911,0
3,1,3,3,1,0.24600,0
3,1,3,3,2,0.50447,0
3,1,3,3,3,0.27411,0
3,1,3,3,4,0.14422,0
3,1,3,4,0,0.01708,0
3,1,3,4,1,0.06549,0
3,1,3,4,2,0.00210,0
3,1,3,4,3,0.76169,0
3,1,3,4,4,0.70606,0
3,1,4,0,0,0.67454,0
3,1,4,0,1,0.87243,0
3,1,4,0,2,0.04106,0
3,1,4,0,3,0.16219,0
3,1,4,0,4,0.29241,0
3,1,4,1,0,0.70965,0
3,1,4,1,1,0.56499,0
3,1,4,1,2,0.89808,13
3,1,4,1,3,0.77673,4
3,1,4,1,4,0.82092,9
3,1,4,2,0,0.20822,1
3,1,4,2,1,0.95015,2
3,1,4,2,2,0.19214,1
3,1,4,2,3,0.45131,0
3,1,4,2,4,1.78288,120
3,1,4,3,0,0.92888,0
3,1,4,3,1,0.91159,0
3,1,4,3,2,0.50944,0
3,1,4,3,3,0.26500,0
3,1,4,3,4,0.84342,0
3,1,4,4,0,0.97984,0
3,1,4,4,1,0.09880,0
3,1,4,4,2,0.86732,0
3,1,4,4,3,0.88284,0
3,1,4,4,4,0.18527,0
3,2,0,0,0,0.40460,0
3,2,0,0,1,0.70711,2
3,2,0,0,2,0.11736,0
3,2,0,0,3,0.10010,0
3,2,0,0,4,0.40056,0
3,2,0,1,0,0.83436,57
3,2,0,1,1,0.75844,12
3,2,0,1,2,0.60243,0
3,2,0,1,3,0.58122,0
3,2,0,1,4,0.31807,0
3,2,0,2,0,0.36729,4
3,2,0,2,1,0.09493,0
3,2,0,2,2,0.10750,0
3,2,0,2,3,0.51436,23
3,2,0,2,4,0.86655,90
3,2,0,3,0,0.98977,0
3,2,0,3,1,0.64477,0
3,2,0,3,2,0.72842,0
3,2,0,3,3,0.28047,0
3,2,0,3,4,0.06621,0
3,2,0,4,0,0.82625,0
3,2,0,4,1,0.52942,0
3,2,0,4,2,0.52445,0
3,2,0,4,3,0.73402,0
3,2,0,4,4,0.58416,0
3,2,1,0,0,0.24144,0
3,2,1,0,1,0.82258,27
3,2,1,0,2,0.06869,0
3,2,1,0,3,0.55668,0
3,2,1,0,4,0.45872,0
3,2,1,1,0,0.70498,23
3,2,1,1,1,0.69924,19
3,2,1,1,2,0.40098,0
3,2,1,1,3,0.91466,160
3,2,1,1,4,0.60136,20
3,2,1,2,0,1.87386,1309
3,2,1,2,1,0.28598,1
3,2,1,2,2,0.28349,3
3,2,1,2,3,0.12147,2
3,2,1,2,4,0.24102,1
3,2,1,3,0,0.45247,0
3,2,1,3,1,0.26417,0
3,2,1,3,2,0.20876,0
3,2,1,3,3,0.45565,0
3,2,1,3,4,0.94080,0
3,2,1,4,0,0.74371,0
3,2,1,4,1,0.48010,0
3,2,1,4,2,0.15543,0
3,2,1,4,3,0.59017,0
3,2,1,4,4,0.49630,0
3,2,2,0,0,0.29063,1
3,2,2,0,1,0.04961,0
3,2,2,0,2,0.72245,14
3,2,2,0,3,1.16593,29
3,2,2,0,4,0.18724,0
3,2,2,1,0,1.74298,328
3,2,2,1,1,0.42641,0
3,2,2,1,2,0.54538,38
3,2,2,1,3,0.55030,43
3,2,2,1,4,0.41816,0
3,2,2,2,0,0.30330,3
3,2,2,2,1,0.38404,21
3,2,2,2,2,-0.07312,1
3,2,2,2,3,0.23522,73
3,2,2,2,4,0.31044,0
3,2,2,3,0,0.58732,0
3,2,2,3,1,0.49240,0
3,2,2,3,2,0.29097,0
3,2,2,3,3,0.93380,0
3,2,2,3,4,0.49669,0
3,2,2,4,0,0.07571,0
3,2,2,4,1,0.52351,0
3,2,2,4,2,0.84648,0
3,2,2,4,3,0.05370,0
3,2,2,4,4,0.37786,0
3,2,3,0,0,0.69533,5
3,2,3,0,1,0.16476,1
3,2,3,0,2,0.69447,24
3,2,3,0,3,0.66419,0
3,2,3,0,4,0.67255,0
3,2,3,1,0,0.40542,11
3,2,3,1,1,0.44019,98
3,2,3,1,2,0.53061,29
3,2,3,1,3,0.67956,77
3,2,3,1,4,0.36601,2
3,2,3,2,0,0.43204,35
3,2,3,2,1,0.89364,127
3,2,3,2,2,0.38398,23
3,2,3,2,3,0.38766,2
3,2,3,2,4,0.32808,0
3,2,3,3,0,0.81744,0
3,2,3,3,1,0.80060,0
3,2,3,3,2,0.02907,0
3,2,3,3,3,0.01279,0
3,2,3,3,4,0.69615,0
3,2,3,4,0,0.62826,0
3,2,3,4,1,0.48522,0
3,2,3,4,2,0.24477,0
3,2,3,4,3,0.54490,0
3,2,3,4,4,0.03554,0
3,2,4,0,0,0.36662,0
3,2,4,0,1,0.99430,0
3,2,4,0,2,0.83285,0
3,2,4,0,3,0.22300,0
3,2,4,0,4,0.13295,0
3,2,4,1,0,0.39357,7
3,2,4,1,1,0.50156,45
3,2,4,1,2,0.21620,0
3,2,4,1,3,0.17326,0
3,2,4,1,4,0.35814,0
3,2,4,2,0,0.37796,5
3,2,4,2,1,0.06889,3
3,2,4,2,2,0.86247,163
3,2,4,2,3,0.22867,1
3,2,4,2,4,0.22864,0
3,2,4,3,0,0.00131,0
3,2,4,3,1,0.72753,0
3,2,4,3,2,0.23667,0
3,2,4,3,3,0.09127,0
3,2,4,3,4,0.74720,0
3,2,4,4,0,0.28911,0
3,2,4,4,1,0.47644,0
3,2,4,4,2,0.00615,0
3,2,4,4,3,0.30397,0
3,2,4,4,4,0.14366,0
3,3,0,0,0,0.62659,0
3,3,0,0,1,0.50903,0
3,3,0,0,2,0.34752,0
3,3,0,0,3,0.61872,0
3,3,0,0,4,0.53326,0
3,3,0,1,0,0.52403,8
3,3,0,1,1,0.36544,2
3,3,0,1,2,0.61472,23
3,3,0,1,3,0.51347,23
3,3,0,1,4,0.45401,28
3,3,0,2,0,0.68228,26
3,3,0,2,1,0.45185,21
3,3,0,2,2,1.17497,69
3,3,0,2,3,0.22725,2
3,3,0,2,4,0.03206,5
3,3,0,3,0,0.17640,0
3,3,0,3,1,0.67178,0
3,3,0,3,2,0.12084,0
3,3,0,3,3,0.77014,0
3,3,0,3,4,0.26499,0
3,3,0,4,0,0.56994,0
3,3,0,4,1,0.09007,0
3,3,0,4,2,0.16889,0
3,3,0,4,3,0.04120,0
3,3,0,4,4,0.43710,0
3,3,1,0,0,0.66139,6
3,3,1,0,1,0.67393,1
3,3,1,0,2,0.03965,0
3,3,1,0,3,0.06158,0
3,3,1,0,4,0.31750,0
3,3,1,1,0,0.63250,11
3,3,1,1,1,1.08254,323
3,3,1,1,2,0.57802,70
3,3,1,1,3,0.64714,54
3,3,1,1,4,0.42007,4
3,3,1,2,0,1.56180,1480
3,3,1,2,1,0.54048,10
3,3,1,2,2,0.59188,6
3,3,1,2,3,0.39202,102
3,3,1,2,4,0.30005,87
3,3,1,3,0,0.94625,0
3,3,1,3,1,0.90306,0
3,3,1,3,2,0.98590,0
3,3,1,3,3,0.25076,0
3,3,1,3,4,0.39893,0
3,3,1,4,0,0.85281,0
3,3,1,4,1,0.33145,0
3,3,1,4,2,0.58271,0
3,3,1,4,3,0.30682,0
3,3,1,4,4,0.08719,0
3,3,2,0,0,0.21968,0
3,3,2,0,1,0.57452,0
3,3,2,0,2,0.25712,1
3,3,2,0,3,0.13706,0
3,3,2,0,4,0.80745,64
3,3,2,1,0,1.08031,273
3,3,2,1,1,0.48289,153
3,3,2,1,2,0.34866,5
3,3,2,1,3,0.27530,1
3,3,2,1,4,0.37321,3
3,3,2,2,0,0.06886,3
3,3,2,2,1,0.12581,0
3,3,2,2,2,0.53326,24
3,3,2,2,3,0.54365,8
3,3,2,2,4,0.66413,56
3,3,2,3,0,0.58150,0
3,3,2,3,1,0.08954,0
3,3,2,3,2,0.20824,0
3,3,2,3,3,0.32338,0
3,3,2,3,4,0.31470,0
3,3,2,4,0,0.65707,0
3,3,2,4,1,0.55141,0
3,3,2,4,2,0.52500,0
3,3,2,4,3,0.24330,0
3,3,2,4,4,0.39572,0
3,3,3,0,0,0.58732,22
3,3,3,0,1,0.28100,0
3,3,3,0,2,0.12506,0
3,3,3,0,3,0.05268,0
3,3,3,0,4,0.55419,2
3,3,3,1,0,0.49820,37
3,3,3,1,1,0.33335,6
3,3,3,1,2,0.57067,98
3,3,3,1,3,0.50724,0
3,3,3,1,4,0.53658,18
3,3,3,2,0,1.00158,46
3,3,3,2,1,0.08213,0
3,3,3,2,2,0.26539,0
3,3,3,2,3,0.51664,27
3,3,3,2,4,0.17545,0
3,3,3,3,0,0.21873,0
3,3,3,3,1,0.10423,0
3,3,3,3,2,0.16522,0
3,3,3,3,3,0.61780,0
3,3,3,3,4,0.27964,0
3,3,3,4,0,0.66642,0
3,3,3,4,1,0.80087,0
3,3,3,4,2,0.08409,0
3,3,3,4,3,0.65544,0
3,3,3,4,4,0.58214,0
3,3,4,0,0,0.95267,0
3,3,4,0,1,0.96359,0
3,3,4,0,2,0.75854,0
3,3,4,0,3,0.10817,0
3,3,4,0,4,0.85185,0
3,3,4,1,0,0.15761,0
3,3,4,1,1,0.59179,25
3,3,4,1,2,0.44921,0
3,3,4,1,3,0.04117,0
3,3,4,1,4,0.80949,37
3,3,4,2,0,1.08642,47
3,3,4,2,1,0.23649,10
3,3,4,2,2,0.31217,17
3,3,4,2,3,0.22833,0
3,3,4,2,4,0.09061,1
3,3,4,3,0,0.53210,0
3,3,4,3,1,0.72194,0
3,3,4,3,2,0.69469,0
3,3,4,3,3,0.64694,0
3,3,4,3,4,0.61863,0
3,3,4,4,0,0.82315,0
3,3,4,4,1,0.73432,0
3,3,4,4,2,0.86607,0
3,3,4,4,3,0.91758,0
3,3,4,4,4,0.25232,0
3,4,0,0,0,0.38805,1
3,4,0,0,1,0.66889,0
3,4,0,0,2,0.31546,0
3,4,0,0,3,0.16198,0
3,4,0,0,4,0.80385,4
3,4,0,1,0,0.25553,12
3,4,0,1,1,0.25027,54
3,4,0,1,2,0.09590,60
3,4,0,1,3,0.13655,0
3,4,0,1,4,-0.01215,23
3,4,0,2,0,-0.56377,30
3,4,0,2,1,-0.15794,90
3,4,0,2,2,-0.23077,35
3,4,0,2,3,0.08436,112
3,4,0,2,4,-0.15556,149
3,4,0,3,0,0.06412,0
3,4,0,3,1,0.28797,0
3,4,0,3,2,0.69086,0
3,4,0,3,3,0.74357,0
3,4,0,3,4,0.48820,0
3,4,0,4,0,0.69387,0
3,4,0,4,1,0.29980,0
3,4,0,4,2,0.34056,0
3,4,0,4,3,0.05707,0
3,4,0,4,4,0.01450,0
3,4,1,0,0,0.16551,0
3,4,1,0,1,0.64731,0
3,4,1,0,2,0.70156,12
3,4,1,0,3,0.70904,0
3,4,1,0,4,0.21677,1
3,4,1,1,0,0.82889,309
3,4,1,1,1,0.06723,3
3,4,1,1,2,0.19724,6
3,4,1,1,3,0.10956,2
3,4,1,1,4,0.30755,217
3,4,1,2,0,1.29106,1463
3,4,1,2,1,0.16893,62
3,4,1,2,2,0.43456,31
3,4,1,2,3,0.30997,41
3,4,1,2,4,0.12922,5
3,4,1,3,0,0.41058,0
3,4,1,3,1,0.55605,0
3,4,1,3,2,0.85867,0
3,4,1,3,3,0.16809,0
3,4,1,3,4,0.21184,0
3,4,1,4,0,0.60706,0
3,4,1,4,1,0.83435,0
3,4,1,4,2,0.14211,0
3,4,1,4,3,0.12530,0
3,4,1,4,4,0.46080,0
3,4,2,0,0,0.65732,104
3,4,2,0,1,0.56196,34
3,4,2,0,2,0.43217,8
3,4,2,0,3,0.56209,26
3,4,2,0,4,0.54673,23
3,4,2,1,0,0.92911,283
3,4,2,1,1,0.29232,20
3,4,2,1,2,0.30149,158
3,4,2,1,3,0.20607,62
3,4,2,1,4,0.10968,5
3,4,2,2,0,0.15230,15
3,4,2,2,1,0.29282,72
3,4,2,2,2,0.25149,88
3,4,2,2,3,0.24495,0
3,4,2,2,4,0.15332,20
3,4,2,3,0,0.57058,0
3,4,2,3,1,0.04224,0
3,4,2,3,2,0.63963,0
3,4,2,3,3,0.09159,0
3,4,2,3,4,0.32271,0
3,4,2,4,0,0.97766,0
3,4,2,4,1,0.34800,0
3,4,2,4,2,0.97612,0
3,4,2,4,3,0.41208,0
3,4,2,4,4,0.87274,0
3,4,3,0,0,0.28792,0
3,4,3,0,1,0.40080,0
3,4,3,0,2,0.46997,1
3,4,3,0,3,0.57542,20
3,4,3,0,4,0.54591,3
3,4,3,1,0,0.31602,25
3,4,3,1,1,0.19265,23
3,4,3,1,2,0.34261,78
3,4,3,1,3,0.44499,21
3,4,3,1,4,0.24719,156
3,4,3,2,0,0.15201,5
3,4,3,2,1,0.22301,38
3,4,3,2,2,0.27889,37
3,4,3,2,3,0.49812,95
3,4,3,2,4,0.26760,32
3,4,3,3,0,0.38143,0
3,4,3,3,1,0.54539,0
3,4,3,3,2,0.39166,0
3,4,3,3,3,0.71401,0
3,4,3,3,4,0.53564,0
3,4,3,4,0,0.60223,0
3,4,3,4,1,0.49102,0
3,4,3,4,2,0.65610,0
3,4,3,4,3,0.80924,0
3,4,3,4,4,0.61265,0
3,4,4,0,0,0.48283,0
3,4,4,0,1,0.13852,0
3,4,4,0,2,0.98441,0
3,4,4,0,3,0.27447,0
3,4,4,0,4,0.75132,0
3,4,4,1,0,0.72483,121
3,4,4,1,1,0.45206,19
3,4,4,1,2,0.45485,14
3,4,4,1,3,0.05296,0
3,4,4,1,4,0.43514,37
3,4,4,2,0,0.33103,8
3,4,4,2,1,0.11839,20
3,4,4,2,2,0.13926,75
3,4,4,2,3,0.60677,176
3,4,4,2,4,0.04208,61
3,4,4,3,0,0.50790,0
3,4,4,3,1,0.73730,0
3,4,4,3,2,0.02863,0
3,4,4,3,3,0.60393,0
3,4,4,3,4,0.79117,0
3,4,4,4,0,0.01941,0
3,4,4,4,1,0.99719,0
3,4,4,4,2,0.83808,0
3,4,4,4,3,0.05314,0
3,4,4,4,4,0.82600,0
4,0,0,0,0,0.88509,0
4,0,0,0,1,0.41929,0
4,0,0,0,2,0.70950,0
4,0,0,0,3,0.26067,0
4,0,0,0,4,0.57740,0
4,0,0,1,0,0.54823,0
4,0,0,1,1,0.61149,0
4,0,0,1,2,0.72171,0
4,0,0,1,3,0.34256,0
4,0,0,1,4,0.61542,0
4,0,0,2,0,0.23935,0
4,0,0,2,1,0.74632,0
4,0,0,2,2,0.56117,0
4,0,0,2,3,0.65995,0
4,0,0,2,4,0.26808,0
4,0,0,3,0,0.20749,0
4,0,0,3,1,0.45155,0
4,0,0,3,2,0.70807,0
4,0,0,3,3,0.72856,0
4,0,0,3,4,0.29990,0
4,0,0,4,0,0.23280,0
4,0,0,4,1,0.49263,0
4,0,0,4,2,0.27344,0
4,0,0,4,3,0.29468,0
4,0,0,4,4,0.77958,0
4,0,1,0,0,0.05162,0
4,0,1,0,1,0.24899,0
4,0,1,0,2,0.74375,0
4,0,1,0,3,0.84396,0
4,0,1,0,4,0.35735,0
4,0,1,1,0,0.55193,3
4,0,1,1,1,0.67011,0
4,0,1,1,2,0.44717,1
4,0,1,1,3,0.48171,1
4,0,1,1,4,1.85101,88
4,0,1,2,0,0.35670,1
4,0,1,2,1,0.06878,0
4,0,1,2,2,1.16823,18
4,0,1,2,3,0.33927,24
4,0,1,2,4,0.18628,3
4,0,1,3,0,0.32938,0
4,0,1,3,1,0.51066,0
4,0,1,3,2,0.71658,0
4,0,1,3,3,0.67745,0
4,0,1,3,4,0.84990,0
4,0,1,4,0,0.35588,0
4,0,1,4,1,0.34245,0
4,0,1,4,2,0.69635,0
4,0,1,4,3,0.09546,0
4,0,1,4,4,0.83988,0
4,0,2,0,0,0.32600,3
4,0,2,0,1,0.11702,0
4,0,2,0,2,1.46736,23
4,0,2,0,3,0.38395,0
4,0,2,0,4,0.44148,0
4,0,2,1,0,3.76664,276
4,0,2,1,1,0.35114,0
4,0,2,1,2,0.73025,8
4,0,2,1,3,0.85294,1
4,0,2,1,4,0.57661,0
4,0,2,2,0,0.98447,3
4,0,2,2,1,0.16907,0
4,0,2,2,2,2.22895,85
4,0,2,2,3,0.42563,0
4,0,2,2,4,0.47058,0
4,0,2,3,0,0.02861,0
4,0,2,3,1,0.44553,0
4,0,2,3,2,0.91365,0
4,0,2,3,3,0.27591,0
4,0,2,3,4,0.76811,0
4,0,2,4,0,0.67760,0
4,0,2,4,1,0.62478,0
4,0,2,4,2,0.29705,0
4,0,2,4,3,0.76260,0
4,0,2,4,4,0.10110,0
4,0,3,0,0,0.96071,18
4,0,3,0,1,0.34766,0
4,0,3,0,2,0.69539,0
4,0,3,0,3,0.38128,0
4,0,3,0,4,0.41475,0
4,0,3,1,0,2.38924,345
4,0,3,1,1,0.00932,0
4,0,3,1,2,0.03207,0
4,0,3,1,3,0.83104,1
4,0,3,1,4,0.84127,0
4,0,3,2,0,0.78294,2
4,0,3,2,1,1.76627,61
4,0,3,2,2,0.66064,4
4,0,3,2,3,0.58035,0
4,0,3,2,4,0.51271,0
4,0,3,3,0,0.22843,0
4,0,3,3,1,0.17980,0
4,0,3,3,2,0.61770,0
4,0,3,3,3,0.31605,0
4,0,3,3,4,0.83306,0
4,0,3,4,0,0.01151,0
4,0,3,4,1,0.69886,0
4,0,3,4,2,0.11939,0
4,0,3,4,3,0.01742,0
4,0,3,4,4,0.66938,0
4,0,4,0,0,0.94032,0
4,0,4,0,1,0.06122,0
4,0,4,0,2,0.27728,0
4,0,4,0,3,0.60307,0
4,0,4,0,4,0.08800,0
4,0,4,1,0,0.70235,0
4,0,4,1,1,0.75287,0
4,0,4,1,2,0.18023,0
4,0,4,1,3,1.00822,9
4,0,4,1,4,0.29364,0
4,0,4,2,0,3.34148,157
4,0,4,2,1,0.70847,8
4,0,4,2,2,0.13862,0
4,0,4,2,3,0.39212,0
4,0,4,2,4,0.58209,9
4,0,4,3,0,0.07288,0
4,0,4,3,1,0.07233,0
4,0,4,3,2,0.38110,0
4,0,4,3,3,0.25354,0
4,0,4,3,4,0.10048,0
4,0,4,4,0,0.83777,0
4,0,4,4,1,0.19736,0
4,0,4,4,2,0.54343,0
4,0,4,4,3,0.67574,0
4,0,4,4,4,0.42563,0
4,1,0,0,0,0.97144,0
4,1,0,0,1,0.44617,0
4,1,0,0,2,0.90948,0
4,1,0,0,3,0.31667,0
4,1,0,0,4,0.34698,0
4,1,0,1,0,1.65123,22
4,1,0,1,1,0.88878,0
4,1,0,1,2,0.83403,0
4,1,0,1,3,0.95521,1
4,1,0,1,4,0.94121,2
4,1,0,2,0,1.39097,17
4,1,0,2,1,0.69895,11
4,1,0,2,2,0.87292,46
4,1,0,2,3,0.39710,2
4,1,0,2,4,0.70067,6
4,1,0,3,0,0.44305,0
4,1,0,3,1,0.27362,0
4,1,0,3,2,0.36489,0
4,1,0,3,3,0.81061,0
4,1,0,3,4,0.86637,0
4,1,0,4,0,0.70557,0
4,1,0,4,1,0.05607,0
4,1,0,4,2,0.06744,0
4,1,0,4,3,0.47025,0
4,1,0,4,4,0.91681,0
4,1,1,0,0,0.44442,0
4,1,1,0,1,0.03717,0
4,1,1,0,2,0.88175,2
4,1,1,0,3,0.04411,0
4,1,1,0,4,0.61599,0
4,1,1,1,0,2.67993,2406
4,1,1,1,1,0.45383,15
4,1,1,1,2,0.17777,3
4,1,1,1,3,0.65089,41
4,1,1,1,4,0.70980,1
4,1,1,2,0,2.55856,2002
4,1,1,2,1,0.36845,28
4,1,1,2,2,0.47249,32
4,1,1,2,3,0.44744,27
4,1,1,2,4,0.44414,0
4,1,1,3,0,0.73094,0
4,1,1,3,1,0.62248,0
4,1,1,3,2,0.70131,0
4,1,1,3,3,0.52633,0
4,1,1,3,4,0.62963,0
4,1,1,4,0,0.13652,0
4,1,1,4,1,0.20679,0
4,1,1,4,2,0.23525,0
4,1,1,4,3,0.45850,0
4,1,1,4,4,0.74066,0
4,1,2,0,0,3.56890,652
4,1,2,0,1,0.27589,0
4,1,2,0,2,0.30726,0
4,1,2,0,3,2.42815,1110
4,1,2,0,4,0.52520,0
4,1,2,1,0,3.99309,6566
4,1,2,1,1,0.43741,0
4,1,2,1,2,0.75808,16
4,1,2,1,3,2.70086,2383
4,1,2,1,4,0.13200,0
4,1,2,2,0,3.50868,2986
4,1,2,2,1,0.43349,54
4,1,2,2,2,0.32419,0
4,1,2,2,3,0.53004,45
4,1,2,2,4,0.53013,15
4,1,2,3,0,0.38851,0
4,1,2,3,1,0.00562,0
4,1,2,3,2,0.51012,0
4,1,2,3,3,0.40886,0
4,1,2,3,4,0.76575,0
4,1,2,4,0,0.98116,0
4,1,2,4,1,0.90731,0
4,1,2,4,2,0.86452,0
4,1,2,4,3,0.67396,0
4,1,2,4,4,0.65129,0
4,1,3,0,0,0.32280,1
4,1,3,0,1,0.12126,1
4,1,3,0,2,0.35612,1
4,1,3,0,3,1.15709,4
4,1,3,0,4,2.55012,77
4,1,3,1,0,2.86999,9234
4,1,3,1,1,0.86999,3
4,1,3,1,2,0.77641,6
4,1,3,1,3,1.00997,4
4,1,3,1,4,1.56281,7
4,1,3,2,0,3.17292,4810
4,1,3,2,1,0.84404,1
4,1,3,2,2,0.64298,38
4,1,3,2,3,0.42553,0
4,1,3,2,4,0.67848,41
4,1,3,3,0,0.44591,0
4,1,3,3,1,0.26997,0
4,1,3,3,2,0.58842,0
4,1,3,3,3,0.16750,0
4,1,3,3,4,0.17797,0
4,1,3,4,0,0.03049,0
4,1,3,4,1,0.34012,0
4,1,3,4,2,0.56919,0
4,1,3,4,3,0.79080,0
4,1,3,4,4,0.38855,0
4,1,4,0,0,0.58571,0
4,1,4,0,1,0.51276,0
4,1,4,0,2,0.86658,0
4,1,4,0,3,0.19442,0
4,1,4,0,4,0.96061,0
4,1,4,1,0,2.74678,955
4,1,4,1,1,1.95911,1031
4,1,4,1,2,1.46967,12
4,1,4,1,3,0.33711,0
4,1,4,1,4,1.07211,6
4,1,4,2,0,3.40681,9553
4,1,4,2,1,1.50131,9
4,1,4,2,2,1.49664,5
4,1,4,2,3,0.16476,91
4,1,4,2,4,0.26911,293
4,1,4,3,0,0.58233,0
4,1,4,3,1,0.34863,0
4,1,4,3,2,0.54456,0
4,1,4,3,3,0.69496,0
4,1,4,3,4,0.82227,0
4,1,4,4,0,0.12962,0
4,1,4,4,1,0.13052,0
4,1,4,4,2,0.09752,0
4,1,4,4,3,0.32006,0
4,1,4,4,4,0.83895,0
4,2,0,0,0,0.28862,0
4,2,0,0,1,0.55555,0
4,2,0,0,2,0.79509,0
4,2,0,0,3,0.47635,0
4,2,0,0,4,0.58915,0
4,2,0,1,0,0.69340,5
4,2,0,1,1,0.82081,12
4,2,0,1,2,1.30274,96
4,2,0,1,3,0.00328,0
4,2,0,1,4,0.09409,0
4,2,0,2,0,0.51084,18
4,2,0,2,1,1.03389,99
4,2,0,2,2,0.40750,7
4,2,0,2,3,0.41894,4
4,2,0,2,4,0.41387,1
4,2,0,3,0,0.56398,0
4,2,0,3,1,0.20450,0
4,2,0,3,2,0.67550,0
4,2,0,3,3,0.90724,0
4,2,0,3,4,0.01701,0
4,2,0,4,0,0.48410,0
4,2,0,4,1,0.32031,0
4,2,0,4,2,0.38651,0
4,2,0,4,3,0.09238,0
4,2,0,4,4,0.14653,0
4,2,1,0,0,0.77393,0
4,2,1,0,1,0.92183,6
4,2,1,0,2,0.31888,0
4,2,1,0,3,0.87195,1
4,2,1,0,4,0.54792,0
4,2,1,1,0,1.90951,1621
4,2,1,1,1,1.01877,329
4,2,1,1,2,0.36489,10
4,2,1,1,3,0.43910,75
4,2,1,1,4,0.47937,3
4,2,1,2,0,1.77808,2233
4,2,1,2,1,0.15347,4
4,2,1,2,2,0.16536,3
4,2,1,2,3,0.38404,103
4,2,1,2,4,0.76711,5
4,2,1,3,0,0.82100,0
4,2,1,3,1,0.90897,0
4,2,1,3,2,0.15234,0
4,2,1,3,3,0.00262,0
4,2,1,3,4,0.49112,0
4,2,1,4,0,0.06100,0
4,2,1,4,1,0.87671,0
4,2,1,4,2,0.00006,0
4,2,1,4,3,0.59484,0
4,2,1,4,4,0.33665,0
4,2,2,0,0,2.55455,2345
4,2,2,0,1,0.62527,59
4,2,2,0,2,0.57925,1
4,2,2,0,3,0.71329,3
4,2,2,0,4,0.91971,86
4,2,2,1,0,2.59831,9143
4,2,2,1,1,0.10059,0
4,2,2,1,2,0.38750,96
4,2,2,1,3,1.01948,171
4,2,2,1,4,0.79027,13
4,2,2,2,0,2.47560,2942
4,2,2,2,1,0.36145,2
4,2,2,2,2,0.34128,39
4,2,2,2,3,0.48376,41
4,2,2,2,4,0.47867,33
4,2,2,3,0,0.08581,0
4,2,2,3,1,0.53691,0
4,2,2,3,2,0.18320,0
4,2,2,3,3,0.20230,0
4,2,2,3,4,0.90813,0
4,2,2,4,0,0.34740,0
4,2,2,4,1,0.72234,0
4,2,2,4,2,0.63152,0
4,2,2,4,3,0.89533,0
4,2,2,4,4,0.09695,0
4,2,3,0,0,0.74544,9
4,2,3,0,1,0.57985,56
4,2,3,0,2,0.02904,0
4,2,3,0,3,0.34783,1
4,2,3,0,4,1.72140,117
4,2,3,1,0,2.05652,5308
4,2,3,1,1,0.37561,3
4,2,3,1,2,0.98926,174
4,2,3,1,3,1.25170,18
4,2,3,1,4,1.38903,1935
4,2,3,2,0,2.47490,4617
4,2,3,2,1,0.22322,11
4,2,3,2,2,0.36960,278
4,2,3,2,3,0.21096,2
4,2,3,2,4,0.41866,38
4,2,3,3,0,0.24144,0
4,2,3,3,1,0.11278,0
4,2,3,3,2,0.57479,0
4,2,3,3,3,0.16567,0
4,2,3,3,4,0.80615,0
4,2,3,4,0,0.35041,0
4,2,3,4,1,0.19549,0
4,2,3,4,2,0.69504,0
4,2,3,4,3,0.14158,0
4,2,3,4,4,0.34657,0
4,2,4,0,0,0.42250,0
4,2,4,0,1,0.81053,0
4,2,4,0,2,0.64388,0
4,2,4,0,3,0.94317,0
4,2,4,0,4,0.91383,0
4,2,4,1,0,2.07553,1667
4,2,4,1,1,0.63666,1
4,2,4,1,2,1.22793,1306
4,2,4,1,3,0.67008,4
4,2,4,1,4,0.23772,2
4,2,4,2,0,2.06461,6828
4,2,4,2,1,0.08068,0
4,2,4,2,2,0.01466,3
4,2,4,2,3,0.15334,6
4,2,4,2,4,0.26129,496
4,2,4,3,0,0.17169,0
4,2,4,3,1,0.82282,0
4,2,4,3,2,0.14177,0
4,2,4,3,3,0.96243,0
4,2,4,3,4,0.02064,0
4,2,4,4,0,0.82380,0
4,2,4,4,1,0.97895,0
4,2,4,4,2,0.04785,0
4,2,4,4,3,0.15347,0
4,2,4,4,4,0.47056,0
4,3,0,0,0,0.80971,1
4,3,0,0,1,0.37334,0
4,3,0,0,2,0.27109,0
4,3,0,0,3,0.49777,0
4,3,0,0,4,0.99236,6
4,3,0,1,0,0.75155,96
4,3,0,1,1,0.39569,1
4,3,0,1,2,0.27554,2
4,3,0,1,3,0.10040,0
4,3,0,1,4,0.26232,21
4,3,0,2,0,0.29260,37
4,3,0,2,1,0.07834,120
4,3,0,2,2,0.56237,203
4,3,0,2,3,0.06982,8
4,3,0,2,4,0.06091,111
4,3,0,3,0,0.02294,0
4,3,0,3,1,0.21202,0
4,3,0,3,2,0.10547,0
4,3,0,3,3,0.37099,0
4,3,0,3,4,0.01081,0
4,3,0,4,0,0.13050,0
4,3,0,4,1,0.65605,0
4,3,0,4,2,0.55539,0
4,3,0,4,3,0.57747,0
4,3,0,4,4,0.22861,0
4,3,1,0,0,0.21638,0
4,3,1,0,1,0.64549,0
4,3,1,0,2,0.69844,0
4,3,1,0,3,1.07659,29
4,3,1,0,4,0.26278,1
4,3,1,1,0,1.27729,2123
4,3,1,1,1,0.39736,3
4,3,1,1,2,0.63218,41
4,3,1,1,3,0.86720,28
4,3,1,1,4,0.73371,486
4,3,1,2,0,1.34627,2793
4,3,1,2,1,0.39759,186
4,3,1,2,2,0.51521,68
4,3,1,2,3,0.12761,1
4,3,1,2,4,0.86203,101
4,3,1,3,0,0.12245,0
4,3,1,3,1,0.41744,0
4,3,1,3,2,0.24189,0
4,3,1,3,3,0.01535,0
4,3,1,3,4,0.89302,0
4,3,1,4,0,0.70815,0
4,3,1,4,1,0.04393,0
4,3,1,4,2,0.35375,0
4,3,1,4,3,0.27136,0
4,3,1,4,4,0.91106,0
4,3,2,0,0,1.70696,2249
4,3,2,0,1,0.34956,0
4,3,2,0,2,0.57382,89
4,3,2,0,3,0.23616,0
4,3,2,0,4,0.49740,3
4,3,2,1,0,1.95733,8636
4,3,2,1,1,0.20868,1
4,3,2,1,2,0.71117,648
4,3,2,1,3,0.47280,85
4,3,2,1,4,0.33310,27
4,3,2,2,0,1.74965,2661
4,3,2,2,1,0.51529,0
4,3,2,2,2,0.46571,210
4,3,2,2,3,0.52014,2
4,3,2,2,4,0.36071,1
4,3,2,3,0,0.78066,0
4,3,2,3,1,0.77385,0
4,3,2,3,2,0.11213,0
4,3,2,3,3,0.25675,0
4,3,2,3,4,0.56068,0
4,3,2,4,0,0.44083,0
4,3,2,4,1,0.46024,0
4,3,2,4,2,0.98929,0
4,3,2,4,3,0.60858,0
4,3,2,4,4,0.71759,0
4,3,3,0,0,1.04796,59
4,3,3,0,1,0.75451,25
4,3,3,0,2,0.27880,0
4,3,3,0,3,1.35792,175
4,3,3,0,4,0.75281,1
4,3,3,1,0,1.19379,5576
4,3,3,1,1,0.17512,2
4,3,3,1,2,0.51027,220
4,3,3,1,3,1.28206,2220
4,3,3,1,4,0.42752,3
4,3,3,2,0,1.71047,3949
4,3,3,2,1,0.20006,1
4,3,3,2,2,0.30475,24
4,3,3,2,3,0.32975,157
4,3,3,2,4,0.38727,0
4,3,3,3,0,0.30431,0
4,3,3,3,1,0.53333,0
4,3,3,3,2,0.85284,0
4,3,3,3,3,0.42875,0
4,3,3,3,4,0.06256,0
4,3,3,4,0,0.21469,0
4,3,3,4,1,0.11739,0
4,3,3,4,2,0.43024,0
4,3,3,4,3,0.98419,0
4,3,3,4,4,0.68552,0
4,3,4,0,0,0.13728,0
4,3,4,0,1,0.70125,0
4,3,4,0,2,0.85040,0
4,3,4,0,3,0.87904,0
4,3,4,0,4,0.47689,0
4,3,4,1,0,1.83201,2799
4,3,4,1,1,0.47866,0
4,3,4,1,2,0.57095,56
4,3,4,1,3,0.88742,8
4,3,4,1,4,0.11954,0
4,3,4,2,0,1.38278,6386
4,3,4,2,1,0.12812,0
4,3,4,2,2,0.38987,18
4,3,4,2,3,0.91400,594
4,3,4,2,4,0.44875,279
4,3,4,3,0,0.59656,0
4,3,4,3,1,0.94449,0
4,3,4,3,2,0.59461,0
4,3,4,3,3,0.70549,0
4,3,4,3,4,0.14448,0
4,3,4,4,0,0.04965,0
4,3,4,4,1,0.40498,0
4,3,4,4,2,0.33138,0
4,3,4,4,3,0.08281,0
4,3,4,4,4,0.51321,0
4,4,0,0,0,0.20617,73
4,4,0,0,1,0.20602,95
4,4,0,0,2,0.22686,87
4,4,0,0,3,0.21816,47
4,4,0,0,4,0.22423,131
4,4,0,1,0,0.21285,1724
4,4,0,1,1,0.17925,745
4,4,0,1,2,-0.09737,158
4,4,0,1,3,-0.01537,709
4,4,0,1,4,-0.16964,181
4,4,0,2,0,0.17955,1959
4,4,0,2,1,-0.12214,632
4,4,0,2,2,-0.28610,185
4,4,0,2,3,-0.23260,267
4,4,0,2,4,-0.35686,168
4,4,0,3,0,0.35483,0
4,4,0,3,1,0.26459,0
4,4,0,3,2,0.22910,0
4,4,0,3,3,0.10655,0
4,4,0,3,4,0.44048,0
4,4,0,4,0,0.34630,0
4,4,0,4,1,0.06856,0
4,4,0,4,2,0.52607,0
4,4,0,4,3,0.74271,0
4,4,0,4,4,0.50606,0
4,4,1,0,0,0.25585,1221
4,4,1,0,1,0.26624,1105
4,4,1,0,2,0.16764,38
4,4,1,0,3,0.20728,12
4,4,1,0,4,0.17654,86
4,4,1,1,0,0.51707,18668
4,4,1,1,1,0.38178,3240
4,4,1,1,2,0.13366,764
4,4,1,1,3,0.17328,1390
4,4,1,1,4,0.08718,1752
4,4,1,2,0,0.68357,16425
4,4,1,2,1,0.13884,558
4,4,1,2,2,-0.20396,136
4,4,1,2,3,0.15312,358
4,4,1,2,4,-0.22287,191
4,4,1,3,0,0.00778,0
4,4,1,3,1,0.76440,0
4,4,1,3,2,0.84565,0
4,4,1,3,3,0.85826,0
4,4,1,3,4,0.47695,0
4,4,1,4,0,0.67813,0
4,4,1,4,1,0.64814,0
4,4,1,4,2,0.72405,0
4,4,1,4,3,0.17807,0
4,4,1,4,4,0.10455,0
4,4,2,0,0,0.32980,8507
4,4,2,0,1,0.41445,557
4,4,2,0,2,0.14111,5
4,4,2,0,3,0.20566,4
4,4,2,0,4,0.14668,250
4,4,2,1,0,0.68854,44352
4,4,2,1,1,0.37442,1457
4,4,2,1,2,0.02099,803
4,4,2,1,3,-0.05766,370
4,4,2,1,4,-0.14318,1354
4,4,2,2,0,0.68439,17480
4,4,2,2,1,0.27577,354
4,4,2,2,2,-0.13378,305
4,4,2,2,3,-0.12203,117
4,4,2,2,4,-0.15904,140
4,4,2,3,0,0.82506,0
4,4,2,3,1,0.11191,0
4,4,2,3,2,0.20574,0
4,4,2,3,3,0.86016,0
4,4,2,3,4,0.93560,0
4,4,2,4,0,0.43260,0
4,4,2,4,1,0.15126,0
4,4,2,4,2,0.26057,0
4,4,2,4,3,0.09190,0
4,4,2,4,4,0.79271,0
4,4,3,0,0,0.30191,1155
4,4,3,0,1,0.15090,22
4,4,3,0,2,0.15091,69
4,4,3,0,3,0.47892,156
4,4,3,0,4,0.16158,70
4,4,3,1,0,0.53697,40803
4,4,3,1,1,0.07640,894
4,4,3,1,2,0.04052,454
4,4,3,1,3,0.16532,2290
4,4,3,1,4,-0.06838,181
4,4,3,2,0,0.49967,23493
4,4,3,2,1,0.25601,88
4,4,3,2,2,-0.17074,31
4,4,3,2,3,0.05061,58
4,4,3,2,4,-0.33087,108
4,4,3,3,0,0.70891,0
4,4,3,3,1,0.87221,0
4,4,3,3,2,0.94584,0
4,4,3,3,3,0.64132,0
4,4,3,3,4,0.32635,0
4,4,3,4,0,0.35257,0
4,4,3,4,1,0.13194,0
4,4,3,4,2,0.97656,0
4,4,3,4,3,0.73804,0
4,4,3,4,4,0.58440,0
4,4,4,0,0,0.21659,0
4,4,4,0,1,0.64109,0
4,4,4,0,2,0.92188,0
4,4,4,0,3,0.07992,0
4,4,4,0,4,0.69904,0
4,4,4,1,0,0.76856,8852
4,4,4,1,1,0.04735,69
4,4,4,1,2,-0.00453,29
4,4,4,1,3,-0.09487,46
4,4,4,1,4,0.03077,57
4,4,4,2,0,0.50590,31135
4,4,4,2,1,-0.04327,142
4,4,4,2,2,-0.28120,27
4,4,4,2,3,0.08172,132
4,4,4,2,4,-0.20433,154
4,4,4,3,0,0.83233,0
4,4,4,3,1,0.79049,0
4,4,4,3,2,0.61624,0
4,4,4,3,3,0.85092,0
4,4,4,3,4,0.53831,0
4,4,4,4,0,0.69104,0
4,4,4,4,1,0.47046,4914
4,4,4,4,2,0.12352,0
4,4,4,4,3,0.64418,0
4,4,4,4,4,0.30654,0
